time	IO	Ur	Fw	Cr	Cw	IOPS	read	write	mean	25th	50th	75th	99th	QPS
0	851	826	25	0	0	2029	1032	997	152.75	18	113	338	481	2040
1	1009	1009	0	0	0	2054	1002	1052	147.14	18	33	335	487	2060
2	1021	1021	0	0	0	2041	1018	1023	147.29	18	39	335	474	2200
3	1076	1076	0	0	0	2118	1071	1047	164	20	115	342	496	1980
4	1037	1037	0	0	0	2101	1043	1058	150.68	19	38	338	476	2100
5	1103	1103	0	0	0	2181	1122	1059	148.69	19	114	335	470	2340
6	1069	1069	0	0	0	2068	1016	1052	2078.82	17	37	4255	10047	2110
7	1004	1004	0	0	0	2008	994	1014	2766.62	17	43	5795	10295	2150
8	999	999	0	0	0	1925	989	936	3279.04	16	2041	6363	10791	2230
9	998	998	0	0	0	2005	996	1009	3099.66	15	29	6227	10471	2280
10	1002	1002	0	0	0	1952	995	957	3411.46	16	3125	6759	10479	2400
11	998	998	0	0	0	2038	996	1042	3204.54	15	25	6523	10319	2330
12	1001	1001	0	0	0	1963	995	968	3494.33	16	2847	6863	11023	2450
13	998	998	0	0	0	2043	998	1045	3185.03	16	28	6287	10327	2520
14	1002	1002	0	0	0	2011	998	1013	3395.61	16	33	6803	10759	2560
15	1000	1000	0	0	0	2008	997	1011	3417.85	15	31	6871	10623	2540
16	999	999	0	0	0	1991	993	998	3509.06	15	29	6975	11391	2460
17	1001	1001	0	0	0	2000	998	1002	3485.23	15	31	6935	10999	2710
18	1001	1001	0	0	0	2030	994	1036	3345.71	15	28	6779	10759	2470
19	1000	1000	0	0	0	1996	998	998	3552.21	15	31	6987	11215	2530
20	997	997	0	0	0	2001	994	1007	3524.37	15	31	6991	11143	2710
21	999	999	0	0	0	2016	998	1018	3528.67	15	28	7003	10983	2660
22	1003	1003	0	0	0	1996	999	997	3609.04	15	32	7091	10879	2610
23	1000	1000	0	0	0	1959	985	974	3650.74	16	2983	7055	11247	2740
24	995	965	30	0	0	1891	966	925	3983.95	14	4263	7403	11967	2700
25	999	999	0	0	0	2001	992	1009	3600.19	14	29	7115	10807	2920
26	1003	1003	0	0	0	2025	989	1036	3520.19	15	25	6995	11575	2910
27	1000	1000	0	0	0	1950	990	960	3823.34	15	3771	7507	11767	2930
28	998	998	0	0	0	2000	985	1015	3650.64	14	24	7223	11015	2730
29	1001	1001	0	0	0	2020	993	1027	3572.51	15	25	7007	11415	2970
30	961	961	0	0	0	1905	951	954	3973.9	16	43	7667	18687	2870
31	999	999	0	0	0	2008	993	1015	3649.59	15	27	7119	11655	2770
32	1001	1001	0	0	0	2026	986	1040	3583.54	15	24	7111	11775	2850
33	996	996	0	0	0	2053	990	1063	3491.94	15	26	7015	11015	2870
34	1001	1001	0	0	0	1953	991	962	3825.84	15	3963	7343	11743	3000
35	1002	1002	0	0	0	1943	988	955	3911.13	15	3991	7755	11599	2810
36	1002	1002	0	0	0	1970	984	986	3771.39	15	35	7443	11095	3090
37	1001	1001	0	0	0	1984	990	994	3752.43	15	31	7271	12031	3110
38	998	998	0	0	0	1981	993	988	3784.03	15	3453	7539	11015	2980
39	1000	1000	0	0	0	1932	987	945	3947.93	16	4019	7767	11255	2860
40	1000	1000	0	0	0	1970	990	980	3822.53	15	3385	7547	12007	2880
41	1002	1002	0	0	0	2002	992	1010	3763.16	15	26	7411	11495	3130
42	998	998	0	0	0	1940	988	952	3935.99	15	4135	7779	11263	3000
43	999	999	0	0	0	2032	993	1039	3642.29	16	30	7211	11727	2990
44	1003	1003	0	0	0	2014	986	1028	3675.5	15	26	7267	11199	3050
45	999	999	0	0	0	1959	990	969	3861.71	15	3431	7735	11423	3040
46	1000	1000	0	0	0	1956	989	967	3882.42	15	3985	7675	11375	2990
47	1000	1000	0	0	0	1980	998	982	3798.7	16	3627	7647	11735	2870
48	997	967	30	0	0	1861	954	907	4143.88	15	3953	7799	14999	2940
49	1002	1002	0	0	0	1968	979	989	3779.95	15	33	7307	11999	2840
50	998	998	0	0	0	1869	991	878	4151.71	14	5019	7987	11495	3060
51	1000	1000	0	0	0	1986	989	997	3757.77	14	26	7603	11319	2940
52	1004	1004	0	0	0	1911	984	927	4010.23	15	4535	7783	11999	3080
53	998	998	0	0	0	1935	989	946	3935.74	15	4347	7791	11599	3070
54	998	998	0	0	0	1979	993	986	3779.35	14	2817	7355	11463	3010
55	1000	1000	0	0	0	2022	991	1031	3622.03	14	25	7195	11151	3000
56	1001	1001	0	0	0	1919	993	926	3975.29	15	4643	7771	11319	3020
57	999	999	0	0	0	2047	992	1055	3531.69	15	24	7031	10887	2760
58	1003	1003	0	0	0	1917	983	934	3948.66	15	4219	7739	12919	2910
59	998	998	0	0	0	1976	993	983	3731.66	15	2921	7407	11223	2960
60	1002	1002	0	0	0	1950	991	959	3851.05	15	3681	7531	11943	2970
61	997	997	0	0	0	2059	996	1063	3438.42	17	31	7003	10967	2850
62	1002	1002	0	0	0	1904	986	918	3970.64	15	4487	7779	11303	2660
63	1001	1001	0	0	0	2018	995	1023	3534.86	15	26	6995	11207	2770
64	1001	1001	0	0	0	1911	987	924	3946.71	15	4543	7607	11783	2870
65	998	998	0	0	0	2079	989	1090	3332.56	15	23	6679	11119	2800
66	998	998	0	0	0	1930	986	944	3825.35	17	4055	7291	11679	2570
67	1003	1003	0	0	0	1983	985	998	3639.23	15	30	7179	11327	2580
68	1001	1001	0	0	0	1923	996	927	3776.78	15	3839	7387	11631	2790
69	999	999	0	0	0	2019	986	1033	3467.4	15	26	6975	11079	2610
70	1001	1001	0	0	0	1952	989	963	3667.45	16	3407	7075	11359	2690
71	998	998	0	0	0	1954	993	961	3682.72	16	3791	7099	11007	2450
72	1000	955	29	16	0	1712	864	848	4370.68	16	3691	7695	26847	2660
73	1030	690	0	208	132	1406	697	709	5599.86	15	30	9007	35999	2600
74	1012	673	0	184	155	1320	664	656	6062.97	15	3135	9679	36127	2390
75	1038	658	0	216	164	1387	651	736	5573.16	15	23	9031	37663	2450
76	995	656	0	192	147	1318	643	675	5993.55	15	26	9239	38527	2360
77	991	916	0	40	35	1897	980	917	3750.23	16	4087	7031	12127	2250
78	999	999	0	0	0	1972	997	975	3419.82	15	1255	6875	10223	2360
79	1004	1004	0	0	0	1952	995	957	3472.4	15	3229	6875	10999	2300
80	1001	1001	0	0	0	1941	997	944	3533.65	15	3635	6987	10903	2210
81	957	957	0	0	0	1968	962	1006	3112.39	16	29	5947	17039	2340
82	1009	1009	0	0	0	1976	999	977	3229.03	16	2109	6127	10239	2290
83	990	990	0	0	0	1954	996	958	3244.11	16	2403	6315	10415	2100
84	1001	1001	0	0	0	2052	999	1053	2542.93	16	29	5223	9383	2150
85	999	999	0	0	0	1901	997	904	3067.08	16	340	6371	10303	2170
86	1006	1006	0	0	0	1981	998	983	2806.52	16	985	5579	9943	2170
87	995	995	0	0	0	2017	999	1018	1714.11	17	33	2423	9823	2010
88	1000	1000	0	0	0	1989	995	994	1582.88	17	45	2551	9295	2120
89	990	990	0	0	0	2024	1000	1024	319.09	19	37	354	4075	1860
90	998	998	0	0	0	1981	972	1009	832.27	18	33	363	7687	1980
91	977	977	0	0	0	1927	983	944	153.54	19	114	337	493	1820
92	947	947	0	0	0	1900	953	947	157.53	20	114	345	474	1860
93	955	955	0	0	0	1883	934	949	150.35	20	46	336	470	1690
94	951	951	0	0	0	1861	941	920	149.83	20	113	337	468	1790
95	910	910	0	0	0	1835	915	920	153.02	20	41	342	474	1690
96	892	892	0	0	0	1727	875	852	153.22	19	113	339	466	1800
97	854	854	0	0	0	1711	836	875	151.63	19	33	341	481	1640
98	858	828	30	0	0	1716	828	888	150.38	19	34	336	481	1690
99	864	864	0	0	0	1690	872	818	152.67	18	115	338	476	1710
100	802	802	0	0	0	1649	779	870	148.24	18	31	340	477	1460
101	776	776	0	0	0	1552	763	789	149.49	19	37	342	478	1520
102	779	779	0	0	0	1552	779	773	160.86	19	114	349	485	1430
103	783	783	0	0	0	1526	784	742	159.57	19	120	347	490	1500
104	783	783	0	0	0	1538	784	754	160.89	19	118	350	495	1400
105	771	771	0	0	0	1482	744	738	158	18	113	347	492	1410
106	730	730	0	0	0	1436	704	732	157.89	19	41	352	498	1480
107	692	692	0	0	0	1417	696	721	145.54	19	33	337	480	1510
108	722	722	0	0	0	1414	708	706	156.53	19	109	345	486	1510
109	701	701	0	0	0	1399	703	696	156.95	19	113	346	518	1260
110	668	668	0	0	0	1315	646	669	152.21	20	35	342	487	1250
111	608	608	0	0	0	1281	627	654	152.59	19	34	344	484	1260
112	641	641	0	0	0	1300	626	674	147.76	18	31	340	482	1370
113	620	620	0	0	0	1271	610	661	143.83	19	33	338	478	1320
114	649	649	0	0	0	1269	638	631	156.78	20	111	345	485	1250
115	638	638	0	0	0	1209	628	581	161.8	20	120	348	491	1160
116	595	595	0	0	0	1195	591	604	161.48	19	35	354	496	1280
117	578	578	0	0	0	1157	582	575	153.86	19	115	347	487	1030
118	558	558	0	0	0	1123	547	576	158.91	21	44	349	490	1150
119	546	546	0	0	0	1090	543	547	156.46	20	43	344	491	1080
120	556	556	0	0	0	1089	555	534	154.88	20	116	343	476	1120
121	564	564	0	0	0	1091	560	531	154.58	19	118	344	478	1190
122	561	561	0	0	0	1085	554	531	157.16	20	116	346	481	950
123	536	536	0	0	0	1051	536	515	158.65	20	117	344	485	1040
124	533	533	0	0	0	1039	535	504	157.74	20	123	345	473	1060
125	536	536	0	0	0	1022	515	507	159.95	20	116	350	494	900
126	493	493	0	0	0	1036	500	536	144.12	20	34	339	475	1170
127	514	514	0	0	0	1010	504	506	160.66	19	36	349	492	1130
128	527	527	0	0	0	1046	554	492	161.37	20	123	347	480	1120
129	581	581	0	0	0	1054	560	494	158.66	21	121	345	474	1030
130	537	537	0	0	0	1001	527	474	156.56	20	119	339	474	1050
131	528	528	0	0	0	1029	529	500	163	21	121	349	520	970
132	505	505	0	0	0	1004	489	515	161.02	21	41	353	500	1090
133	511	511	0	0	0	994	513	481	164.92	21	126	354	489	970
134	495	495	0	0	0	953	461	492	153.78	21	46	347	503	910
135	476	476	0	0	0	955	490	465	153.55	20	119	343	483	1000
136	475	475	0	0	0	1004	482	522	143.28	19	32	334	480	1030
137	534	534	0	0	0	1020	527	493	160.15	20	120	345	499	1120
138	538	508	30	0	0	1003	504	499	159.47	19	109	346	503	1020
139	518	518	0	0	0	1028	519	509	155.87	19	116	345	486	910
140	509	509	0	0	0	1018	509	509	150.43	18	46	342	479	880
141	544	544	0	0	0	1024	529	495	161.02	19	121	346	490	1000
142	513	513	0	0	0	1038	508	530	159.64	20	40	351	493	900
143	517	517	0	0	0	999	511	488	157.97	20	117	344	488	930
144	513	513	0	0	0	1007	507	500	148.71	20	113	343	469	1150
145	527	527	0	0	0	1079	530	549	148.31	19	36	341	478	940
146	487	487	0	0	0	1028	472	556	142.56	18	30	338	484	1230
147	506	506	0	0	0	1063	521	542	154.28	19	36	346	494	1250
148	593	593	0	0	0	1141	593	548	166.72	21	127	354	505	1170
149	582	582	0	0	0	1136	560	576	158.54	19	36	349	504	1110
150	559	559	0	0	0	1116	556	560	155.46	19	41	345	484	1280
151	564	564	0	0	0	1148	584	564	155.31	19	121	347	486	1140
152	587	587	0	0	0	1141	575	566	157.25	20	117	347	485	1210
153	621	621	0	0	0	1205	604	601	153.7	20	115	344	485	1110
154	561	561	0	0	0	1183	575	608	155.13	19	33	346	483	1190
155	634	634	0	0	0	1226	651	575	162.94	20	120	348	484	1220
156	673	673	0	0	0	1258	639	619	155.81	19	117	345	474	1320
157	610	610	0	0	0	1306	633	673	152.77	18	32	345	476	1180
158	662	662	0	0	0	1317	652	665	154.92	19	39	344	479	1240
159	654	654	0	0	0	1355	672	683	152.13	19	40	342	478	1490
160	725	725	0	0	0	1374	708	666	155.91	20	117	341	479	1300
161	674	674	0	0	0	1391	677	714	154.26	19	35	348	480	1360
162	729	729	0	0	0	1433	735	698	157.7	19	119	344	483	1360
163	736	736	0	0	0	1447	702	745	146.98	19	33	338	481	1460
164	721	721	0	0	0	1469	734	735	154.61	19	40	345	486	1580
165	787	787	0	0	0	1513	778	735	160.83	20	120	344	494	1610
166	730	730	0	0	0	1551	737	814	151.95	20	36	341	484	1650
167	788	788	0	0	0	1595	795	800	153.09	19	39	343	486	1610
168	815	815	0	0	0	1647	793	854	157.52	19	33	348	507	1540
169	852	852	0	0	0	1676	857	819	175.47	20	123	360	599	1820
170	829	829	0	0	0	1663	831	832	164.85	19	68	354	533	1690
171	831	831	0	0	0	1696	800	896	152.16	19	32	346	507	1810
172	862	862	0	0	0	1758	868	890	159.01	20	38	349	529	1640
173	903	903	0	0	0	1794	894	900	160.88	19	38	348	501	1960
174	938	908	30	0	0	1796	894	902	164.45	18	41	347	509	1940
175	891	891	0	0	0	1793	887	906	156	18	38	346	509	1900
176	972	972	0	0	0	1907	977	930	163.83	18	122	348	538	2040
177	991	991	0	0	0	1957	996	961	163.06	18	119	350	508	1980
178	987	987	0	0	0	1928	991	937	163.29	18	119	351	494	2120
179	992	992	0	0	0	2019	986	1033	156.78	18	33	346	493	2080
180	980	980	0	0	0	1995	985	1010	156.81	18	35	346	487	2180
181	1017	1017	0	0	0	2032	985	1047	154.83	18	33	346	491	2180
182	1042	1042	0	0	0	2066	1053	1013	153.74	18	114	339	479	2170
183	1068	1068	0	0	0	2113	1059	1054	150.7	18	108	335	472	2060
184	1053	1053	0	0	0	2121	1024	1097	148.77	18	32	337	473	2330
185	1068	1068	0	0	0	2201	1080	1121	151.49	18	33	339	479	2150
186	1118	1118	0	0	0	2210	1116	1094	158.66	18	114	344	481	2260
187	1184	1184	0	0	0	2263	1173	1090	158.52	18	119	344	475	2170
188	1112	1112	0	0	0	2285	1104	1181	148.51	18	31	340	468	2270
189	1169	1169	0	0	0	2290	1172	1118	154.57	18	113	342	471	2280
190	1174	1174	0	0	0	2220	1115	1105	933.42	19	111	366	9415	2320
191	996	996	0	0	0	2000	986	1014	3244.79	16	27	6315	10527	2340
192	1004	1004	0	0	0	2022	993	1029	3117.09	16	28	6427	10631	2550
193	998	998	0	0	0	2012	992	1020	3353.84	16	29	6787	10663	2460
194	1002	1002	0	0	0	1981	987	994	3455.08	16	39	6871	11039	2480
195	1000	1000	0	0	0	1973	988	985	3558.38	17	1710	6935	11799	2410
196	1001	909	28	64	0	1614	829	785	4702.27	16	3679	7991	33823	2590
197	1016	675	0	176	165	1348	658	690	5921.27	14	25	9295	37087	2730
198	1007	673	0	176	158	1352	668	684	5890.73	15	25	9231	36735	2680
199	1015	658	0	192	165	1361	654	707	5833.6	15	25	9527	35039	2760
200	1022	703	0	176	143	1325	695	630	6153.94	15	4983	9751	36703	2810
201	1022	819	0	112	91	1813	878	935	4014.53	15	25	7339	30735	2750
202	1001	1001	0	0	0	1951	989	962	3765.96	15	3889	7263	11527	2850
203	996	996	0	0	0	2038	997	1041	3453.94	15	24	7095	10543	2750
204	1004	1004	0	0	0	1976	997	979	3717.68	15	3625	7343	10767	2820
205	961	961	0	0	0	1987	960	1027	3605.07	15	26	7003	17167	2940
206	999	999	0	0	0	1957	995	962	3763.7	15	3259	7327	11247	2760
207	998	998	0	0	0	2017	997	1020	3608.53	15	26	7039	11023	2880
208	1003	1003	0	0	0	1966	998	968	3784.5	15	3057	7455	11015	2730
209	997	997	0	0	0	1969	991	978	3780.57	15	3453	7411	11231	2760
210	1001	1001	0	0	0	2035	996	1039	3544.29	15	23	7167	10927	3010
211	1002	1002	0	0	0	1988	997	991	3700	15	3055	7315	11103	2950
212	1000	1000	0	0	0	1984	999	985	3767.43	15	3367	7303	11895	2850
213	1001	1001	0	0	0	1984	995	989	3740.95	15	3355	7283	11271	3020
214	1000	1000	0	0	0	1975	993	982	3766.16	15	3675	7339	11263	2920
215	994	994	0	0	0	1936	1001	935	3945.16	15	4171	7783	11207	2890
216	1004	1004	0	0	0	2030	999	1031	3610.76	15	27	7211	11535	2920
217	1000	1000	0	0	0	1936	996	940	3950.44	15	4295	7807	11655	2850
218	998	998	0	0	0	2018	998	1020	3621.27	15	30	7099	11055	2910
219	1001	1001	0	0	0	1918	997	921	4029.02	15	4595	7947	11919	3040
220	1002	1002	0	0	0	2111	1000	1111	3375.14	15	27	6999	11015	2850
221	990	961	29	0	0	1891	960	931	4056.09	14	3803	7791	14007	2970
222	1003	1003	0	0	0	1932	988	944	3946.22	14	4279	7727	11695	2920
223	1000	1000	0	0	0	1994	992	1002	3718.98	15	33	7291	11399	3060
224	998	998	0	0	0	2023	995	1028	3653	14	29	7223	11487	2940
225	1000	1000	0	0	0	1950	995	955	3896.55	14	4059	7763	11303	3130
226	1000	1000	0	0	0	2030	992	1038	3635.63	14	24	7219	11223	2970
227	1002	1002	0	0	0	1990	993	997	3767.46	14	29	7647	11039	2910
228	1000	1000	0	0	0	1996	997	999	3749.43	14	35	7499	11207	3060
229	1001	1001	0	0	0	1986	994	992	3737.09	15	2845	7379	11191	2990
230	999	999	0	0	0	1918	992	926	4009.87	15	4703	7811	11767	2880
231	999	999	0	0	0	1989	997	992	3790.44	15	2919	7551	11431	2960
232	1000	1000	0	0	0	1983	997	986	3735.53	15	3457	7259	11791	2840
233	1000	1000	0	0	0	1943	994	949	3898.34	15	4199	7559	11927	3050
234	1001	1001	0	0	0	2141	993	1148	3246.31	15	22	6895	10631	2990
235	999	999	0	0	0	1994	996	998	3697.17	15	35	7363	11015	2880
236	1001	1001	0	0	0	1993	997	996	3723.61	16	3077	7243	10999	2860
237	1000	1000	0	0	0	2004	993	1011	3691.45	16	32	7219	11903	2760
238	998	998	0	0	0	1979	993	986	3742.41	15	2253	7511	10991	2860
239	1003	1003	0	0	0	1960	994	966	3809	15	3547	7519	11655	2750
240	997	997	0	0	0	2031	998	1033	3531.37	15	25	7019	11191	2880
241	962	962	0	0	0	1905	956	949	3945.5	15	2913	7407	17935	2670
242	1002	1002	0	0	0	2057	995	1062	3444.08	15	25	6987	11055	2670
243	999	999	0	0	0	2045	991	1054	3471.06	16	28	7011	11079	2810
244	1000	1000	0	0	0	1966	996	970	3743.46	15	3139	7407	10927	2740
245	997	967	30	0	0	1946	962	984	3728.72	14	28	7007	14039	2680
246	1000	1000	0	0	0	1971	994	977	3707.19	14	3013	7199	11775	2620
247	1000	1000	0	0	0	2010	995	1015	3505.15	16	36	7003	10967	2770
248	998	998	0	0	0	2012	987	1025	3502.6	15	30	6999	11071	2570
249	1000	1000	0	0	0	2026	992	1034	3404.43	15	28	6999	10623	2650
250	1003	1003	0	0	0	1980	985	995	3577.12	15	34	7019	11223	2620
251	999	999	0	0	0	1996	994	1002	3529.34	15	35	6991	10991	2440
252	1003	1003	0	0	0	1884	987	897	3921.12	15	4351	7531	11719	2480
253	1000	1000	0	0	0	2014	991	1023	3388.04	15	26	6751	10471	2400
254	998	998	0	0	0	2071	995	1076	3172.66	16	26	6487	10207	2440
255	995	995	0	0	0	1967	990	977	3521.8	15	2683	6975	11279	2460
256	1002	1002	0	0	0	1951	988	963	3552.04	15	2869	6983	10991	2260
257	1000	1000	0	0	0	2089	997	1092	2923.75	16	27	5991	10207	2270
258	1005	1005	0	0	0	1961	990	971	3401.86	16	1451	6727	11183	2210
259	999	999	0	0	0	2033	993	1040	3076.75	16	30	6179	11007	2220
260	1001	1001	0	0	0	1962	993	969	3356.85	16	2503	6695	10303	2400
261	997	997	0	0	0	2049	992	1057	2601.95	16	29	5551	10247	2370
262	1001	1001	0	0	0	2035	990	1045	2796.18	16	27	5843	9999	2050
263	999	999	0	0	0	2098	992	1106	2112.14	16	27	4787	9695	2240
264	997	997	0	0	0	2009	995	1014	2696.85	16	29	5683	10007	2010
265	1002	1002	0	0	0	1967	996	971	2957.24	17	408	5971	9903	2080
266	1001	1001	0	0	0	1934	991	943	2890.87	17	489	5811	10023	2140
267	1002	1002	0	0	0	1935	994	941	2834.14	18	324	5767	10007	2120
268	999	999	0	0	0	1855	950	905	3154.91	17	1276	5951	12023	2130
269	998	968	30	0	0	1969	990	979	1920.12	17	123	3777	9695	1960
270	966	966	0	0	0	1962	972	990	774.68	18	39	401	8007	1840
271	970	970	0	0	0	1893	936	957	166.4	19	44	358	520	2020
272	959	959	0	0	0	1896	954	942	181.07	20	117	366	603	1880
273	937	937	0	0	0	1863	923	940	173.41	20	44	364	548	1920
274	936	936	0	0	0	1834	940	894	169.8	19	124	361	530	1840
275	927	927	0	0	0	1812	918	894	174.37	19	124	366	535	1640
276	913	913	0	0	0	1791	911	880	175.57	19	130	369	530	1650
277	889	889	0	0	0	1753	845	908	166.77	18	31	363	527	1680
278	845	845	0	0	0	1703	817	886	168.24	19	34	361	528	1710
279	838	838	0	0	0	1680	848	832	180.45	21	125	372	550	1590
280	832	832	0	0	0	1647	810	837	166.76	19	36	360	530	1600
281	814	814	0	0	0	1623	802	821	172.03	18	35	370	531	1480
282	819	819	0	0	0	1581	799	782	177.65	20	126	370	533	1570
283	794	794	0	0	0	1544	797	747	183.75	21	130	377	542	1600
284	787	787	0	0	0	1535	769	766	175.78	19	120	371	541	1450
285	763	763	0	0	0	1499	767	732	174.03	19	124	359	547	1370
286	778	778	0	0	0	1457	770	687	177.45	19	126	363	554	1300
287	744	744	0	0	0	1408	719	689	174.53	20	122	364	518	1370
288	715	715	0	0	0	1381	703	678	179.86	22	123	367	510	1210
289	682	682	0	0	0	1339	669	670	165.95	20	42	360	510	1380
290	679	679	0	0	0	1324	679	645	175.99	20	128	364	555	1310
291	668	668	0	0	0	1301	671	630	175.9	21	126	364	550	1400
292	667	667	0	0	0	1298	652	646	170.88	20	117	362	512	1280
293	614	614	0	0	0	1275	595	680	152.96	19	30	350	487	1320
294	664	664	0	0	0	1255	655	600	170.29	19	122	355	497	1330
295	648	648	0	0	0	1231	631	600	178.47	20	122	359	513	1310
296	638	638	0	0	0	1228	623	605	170.65	20	118	358	525	1300
297	599	599	0	0	0	1200	586	614	162.06	19	32	354	499	1070
298	590	590	0	0	0	1158	588	570	200.33	20	122	364	1312	1180
299	2041	556	29	808	648	1069	523	546	2464.13	18	35	2913	30975	1230
300	905	527	0	192	186	1087	560	527	2484.37	19	130	2693	30527	1060
301	594	594	0	0	0	1122	574	548	165.42	18	116	353	491	970
302	560	560	0	0	0	1060	540	520	169.47	19	119	355	496	990
303	516	516	0	0	0	1033	538	495	179.29	20	125	360	594	970
304	530	530	0	0	0	1031	515	516	165.98	19	43	355	495	920
305	523	523	0	0	0	1053	525	528	170.36	20	50	357	491	1000
306	537	537	0	0	0	1032	516	516	165.29	19	45	353	498	880
307	485	485	0	0	0	1004	508	496	167.51	19	116	356	501	1050
308	523	523	0	0	0	990	507	483	175.59	20	118	357	504	1010
309	476	476	0	0	0	966	478	488	172.15	21	45	363	512	1110
310	520	520	0	0	0	982	515	467	175.88	22	122	361	488	920
311	503	503	0	0	0	1016	509	507	172.95	20	57	361	506	890
312	510	510	0	0	0	989	493	496	169.85	19	42	361	491	1060
313	467	467	0	0	0	976	468	508	165.21	19	33	358	501	980
314	492	492	0	0	0	976	487	489	166.5	20	45	357	496	1030
315	478	478	0	0	0	973	485	488	169.57	20	44	357	508	1090
316	495	495	0	0	0	990	496	494	171.44	20	106	362	503	860
317	484	484	0	0	0	971	484	487	173.77	20	45	360	514	1130
318	496	496	0	0	0	995	491	504	169.03	20	38	358	547	890
319	525	525	0	0	0	1014	531	483	178.65	21	123	362	523	920
320	491	491	0	0	0	1004	481	523	168.49	19	33	359	507	980
321	511	511	0	0	0	1027	520	507	169.12	20	116	356	493	1000
322	525	525	0	0	0	1025	501	524	169.06	20	41	353	510	1180
323	507	507	0	0	0	995	512	483	175.94	20	120	358	488	1100
324	509	509	0	0	0	1031	525	506	177.77	21	118	359	528	1160
325	536	536	0	0	0	1067	529	538	181.32	20	36	360	599	960
326	532	532	0	0	0	1048	518	530	167.62	20	37	354	487	1010
327	507	507	0	0	0	1074	525	549	162.68	20	36	351	502	1200
328	577	577	0	0	0	1145	579	566	181.15	20	118	364	596	990
329	591	591	0	0	0	1131	584	547	168.06	21	120	355	483	1100
330	546	546	0	0	0	1123	548	575	169.54	22	45	358	509	1300
331	582	582	0	0	0	1168	572	596	170.76	19	34	359	501	1050
332	591	591	0	0	0	1188	587	601	171.23	20	36	359	504	1250
333	581	581	0	0	0	1220	599	621	164.41	20	37	355	494	1250
334	628	628	0	0	0	1228	610	618	173.93	20	37	359	503	1280
335	625	625	0	0	0	1254	635	619	175.33	21	115	356	512	1390
336	636	636	0	0	0	1280	637	643	173.11	20	46	356	510	1190
337	628	628	0	0	0	1297	644	653	173.79	22	53	361	496	1290
338	672	672	0	0	0	1310	655	655	173.48	20	48	355	600	1260
339	659	659	0	0	0	1310	675	635	175.53	21	116	356	486	1320
340	683	683	0	0	0	1356	689	667	182.06	21	118	359	596	1280
341	722	722	0	0	0	1376	703	673	176.4	21	117	358	492	1330
342	717	687	30	0	0	1399	685	714	175.93	20	39	359	616	1330
343	717	717	0	0	0	1453	742	711	174.99	18	117	359	494	1610
344	773	773	0	0	0	1493	760	733	173.39	18	117	357	488	1530
345	773	773	0	0	0	1497	770	727	178.98	19	120	361	493	1520
346	756	756	0	0	0	1536	765	771	174.95	19	42	356	565	1560
347	776	776	0	0	0	1596	772	824	171.09	18	32	360	516	1770
348	816	816	0	0	0	1618	793	825	174.21	20	37	362	526	1600
349	791	791	0	0	0	1633	803	830	176.05	19	35	364	518	1710
350	815	815	0	0	0	1683	807	876	170.6	19	33	358	510	1780
351	854	854	0	0	0	1725	874	851	177.29	19	116	359	568	1710
352	873	873	0	0	0	1729	843	886	171.5	18	33	355	576	1730
353	886	886	0	0	0	1779	896	883	173.01	19	110	353	549	1910
354	903	903	0	0	0	1817	899	918	172.22	18	36	354	521	1930
355	948	948	0	0	0	1867	961	906	180.41	19	115	356	576	1770
356	965	965	0	0	0	1883	933	950	175.82	19	39	358	609	1880
357	905	905	0	0	0	1894	912	982	171.74	19	33	353	612	1850
358	981	981	0	0	0	1925	979	946	178.5	19	114	360	532	1860
359	1023	1023	0	0	0	1973	1029	944	182.59	19	120	358	552	2060
360	1001	1001	0	0	0	2013	976	1037	172.49	18	33	358	527	2190
361	1042	1042	0	0	0	2069	1057	1012	177.12	19	117	358	525	2090
362	1104	1104	0	0	0	2120	1089	1031	180.61	20	120	360	496	2020
363	1052	1052	0	0	0	2130	1039	1091	170.85	18	32	356	509	2210
364	1065	1065	0	0	0	2157	1052	1105	171.17	18	32	353	506	2360
365	1055	1055	0	0	0	2193	1059	1134	167.99	18	31	349	479	2380
366	1135	1135	0	0	0	2248	1139	1109	173.34	19	114	350	528	2330
367	1149	1149	0	0	0	2262	1146	1116	179.29	19	118	357	499	2420
368	1166	1137	29	0	0	2305	1130	1175	171.99	17	34	353	487	2280
369	1169	1169	0	0	0	2321	1167	1154	346.87	17	109	357	6207	2410
370	1039	1039	0	0	0	1981	984	997	3282.53	15	28	6395	10271	2390
371	1001	1001	0	0	0	1929	993	936	3449.25	15	692	6991	11079	2330
372	999	999	0	0	0	1986	992	994	3448.42	15	32	6923	10999	2490
373	965	965	0	0	0	1902	953	949	3635.82	15	1374	6967	18095	2490
374	993	993	0	0	0	2133	993	1140	2837.28	15	24	6023	10295	2470
375	1004	1004	0	0	0	1993	991	1002	3462.47	15	29	6979	10959	2610
376	998	998	0	0	0	1972	989	983	3564.22	15	2905	6991	11023	2720
377	1000	1000	0	0	0	2047	995	1052	3396.71	15	25	6863	11087	2690
378	998	998	0	0	0	2006	993	1013	3461.48	15	28	6979	11159	2520
379	1003	1003	0	0	0	1987	991	996	3564.24	16	37	7003	11279	2570
380	999	999	0	0	0	1959	991	968	3691.9	15	3837	7119	11583	2730
381	1000	1000	0	0	0	1962	983	979	3635.59	16	1755	7063	11335	2860
382	1001	1001	0	0	0	1938	990	948	3839.28	15	3549	7403	12031	2820
383	1000	1000	0	0	0	2004	992	1012	3551.15	15	31	7031	11015	2700
384	1000	1000	0	0	0	1942	993	949	3804.27	15	3463	7531	11663	2830
385	998	998	0	0	0	1943	988	955	3762.69	15	3631	7271	12119	2900
386	1003	1003	0	0	0	1925	994	931	3927.98	15	4723	7531	11287	2690
387	1001	1001	0	0	0	2026	994	1032	3531.03	15	27	7023	11255	3000
388	999	999	0	0	0	1997	993	1004	3687.95	15	33	7187	11575	2900
389	998	998	0	0	0	1990	990	1000	3710.82	15	30	7191	11359	2970
390	998	971	27	0	0	1974	956	1018	3710.61	15	25	7079	12951	3050
391	1001	1001	0	0	0	2017	988	1029	3597.99	14	25	7131	11543	2870
392	1002	1002	0	0	0	2035	985	1050	3533.86	14	23	7019	11719	2830
393	1000	1000	0	0	0	1944	989	955	3882.35	15	4019	7579	12015	3030
394	1000	1000	0	0	0	2037	986	1051	3604.41	14	24	7067	11599	2950
395	1000	1000	0	0	0	1927	990	937	3986.42	16	4199	7847	11471	3050
396	999	999	0	0	0	1929	985	944	3933.52	15	4231	7663	11807	2820
397	1000	1000	0	0	0	1973	992	981	3801.25	15	3209	7371	11463	2980
398	1002	1002	0	0	0	2047	985	1062	3551.84	14	22	7067	11015	3040
399	999	999	0	0	0	1939	990	949	3939.36	15	4399	7815	11111	2890
400	999	999	0	0	0	2000	991	1009	3706.97	15	26	7387	11295	3090
401	1000	1000	0	0	0	1907	995	912	4068.22	15	4907	7955	11551	3080
402	1003	1003	0	0	0	1989	996	993	3757.9	15	3263	7523	11095	3080
403	999	999	0	0	0	1979	985	994	3801.18	15	28	7471	11223	3120
404	992	992	0	0	0	1967	979	988	3819.4	15	30	7359	12847	2930
405	998	998	0	0	0	1937	996	941	3921.61	15	4171	7819	11127	2900
406	998	998	0	0	0	1959	979	980	3828.2	15	35	7739	11551	2960
407	1001	1001	0	0	0	1991	995	996	3764.31	16	45	7519	11015	2870
408	1000	1000	0	0	0	2098	997	1101	3421.82	15	23	7007	10671	2970
409	1000	1000	0	0	0	1901	983	918	4030.5	15	4503	7831	11871	2880
410	1000	1000	0	0	0	1973	992	981	3855.7	15	3593	7707	11479	3090
411	1000	1000	0	0	0	1932	990	942	3919.97	15	4419	7687	11135	2970
412	1003	1003	0	0	0	2019	991	1028	3639.03	15	25	7223	11247	3070
413	999	999	0	0	0	1991	981	1010	3749.26	15	27	7251	12063	2790
414	1045	781	30	136	98	1463	712	751	5485.54	14	24	8975	34975	2830
415	1004	687	0	184	133	1377	674	703	5951.04	14	25	9303	38431	3040
416	1017	692	0	176	149	1380	685	695	5949.86	14	27	9671	36831	2920
417	1014	673	0	176	165	1355	661	694	6073.27	14	23	9695	38047	2810
418	1016	689	0	176	151	1470	688	782	5461.88	14	21	8959	35999	2800
419	1044	680	0	200	164	1438	684	754	5486.43	15	24	9015	37215	2830
420	984	812	0	88	84	1744	857	887	4417.31	15	27	7859	31791	2890
421	1001	1001	0	0	0	2013	989	1024	3584.75	14	24	7107	11047	2740
422	1003	1003	0	0	0	1958	993	965	3760.17	15	3271	7255	11391	2740
423	998	998	0	0	0	1978	996	982	3710.34	15	2777	7231	11039	2770
424	1000	1000	0	0	0	1945	993	952	3820.26	15	3943	7735	11719	2860
425	999	999	0	0	0	1935	995	940	3851.85	15	4287	7399	11407	2580
426	998	998	0	0	0	1965	995	970	3681.01	15	3655	7059	11079	2550
427	1002	1002	0	0	0	1994	997	997	3596.91	15	32	7103	11047	2740
428	997	997	0	0	0	2027	996	1031	3361.89	15	26	7007	10735	2640
429	1000	1000	0	0	0	1937	993	944	3765.26	15	3183	7459	11327	2530
430	1000	1000	0	0	0	1945	997	948	3717.73	15	3921	7047	11071	2560
431	1002	1002	0	0	0	1956	998	958	3651.41	15	3359	7051	11015	2480
432	1001	1001	0	0	0	1968	991	977	3575.63	15	2957	7019	11047	2370
433	1002	1002	0	0	0	1960	992	968	3568.26	16	3051	7015	10999	2540
434	997	997	0	0	0	1935	995	940	3709.47	16	4135	7107	11015	2360
435	999	999	0	0	0	2112	996	1116	2949.16	16	25	6015	10695	2320
436	1000	1000	0	0	0	2024	999	1025	3274.29	15	27	6439	10263	2440
437	1003	1003	0	0	0	1957	995	962	3445.71	16	1843	6935	10791	2280
438	997	997	0	0	0	2005	970	1035	2869.72	16	27	5907	11271	2210
439	997	969	28	0	0	1962	985	977	3110.75	15	334	6235	10911	2240
440	996	996	0	0	0	1968	996	972	3315.01	15	2395	6587	10311	2300
441	1004	1004	0	0	0	1980	996	984	3148.38	16	339	6327	10967	2330
442	997	997	0	0	0	2068	993	1075	2727.06	15	25	5699	9919	2230
443	1005	1005	0	0	0	1995	989	1006	2542.57	16	31	5563	9991	2000
444	997	997	0	0	0	1922	992	930	2875.89	16	335	6007	10247	1960
445	951	951	0	0	0	1873	944	929	2999.2	16	357	5635	18831	2090
446	1002	1002	0	0	0	2021	993	1028	1950.14	17	32	3973	9047	2070
447	991	991	0	0	0	1950	994	956	2259.16	16	257	4839	9519	2010
448	993	993	0	0	0	1993	976	1017	1037.69	17	31	435	8215	2060
449	1017	1017	0	0	0	1970	1011	959	900.12	18	120	387	8471	2050
450	984	984	0	0	0	1942	987	955	1169.49	18	119	497	8767	1970
451	975	975	0	0	0	1919	951	968	182.67	19	40	361	520	1750
452	923	923	0	0	0	1847	929	918	178.8	18	110	356	489	1770
453	925	925	0	0	0	1817	907	910	177.73	19	39	357	523	1920
454	929	929	0	0	0	1813	918	895	178.39	19	112	355	495	1790
455	897	897	0	0	0	1744	877	867	177.05	19	111	354	488	1720
456	862	862	0	0	0	1708	865	843	179.29	18	112	356	489	1830
457	847	847	0	0	0	1724	842	882	174.49	18	32	357	496	1780
458	880	880	0	0	0	1728	888	840	181.96	19	116	358	487	1760
459	849	849	0	0	0	1664	827	837	179.83	19	40	363	497	1570
460	811	811	0	0	0	1617	795	822	180.93	19	36	359	497	1650
461	773	773	0	0	0	1572	756	816	172.05	19	33	358	491	1500
462	752	752	0	0	0	1528	772	756	184.31	20	117	364	488	1360
463	773	773	0	0	0	1500	764	736	185.92	20	119	368	507	1600
464	741	741	0	0	0	1468	743	725	182.87	21	116	367	498	1430
465	782	752	30	0	0	1456	720	736	189.48	19	38	367	524	1320
466	712	712	0	0	0	1444	733	711	185.76	18	117	370	500	1270
467	716	716	0	0	0	1417	690	727	183.71	18	35	366	581	1350
468	676	676	0	0	0	1365	665	700	176.86	18	33	356	503	1380
469	671	671	0	0	0	1355	659	696	184.24	19	33	369	506	1360
470	665	665	0	0	0	1326	665	661	179.02	19	112	356	491	1220
471	624	624	0	0	0	1289	619	670	176.64	19	35	356	497	1350
472	640	640	0	0	0	1275	632	643	175.6	19	41	355	494	1160
473	627	627	0	0	0	1249	623	626	177.35	19	42	355	487	1130
474	633	633	0	0	0	1217	619	598	183.74	19	116	356	492	1170
475	577	577	0	0	0	1194	570	624	173.42	19	34	360	481	1280
476	576	576	0	0	0	1177	572	605	177.46	20	38	363	494	1220
477	576	576	0	0	0	1178	571	607	181.02	20	43	366	501	1030
478	567	567	0	0	0	1141	563	578	180.34	20	43	362	509	1000
479	569	569	0	0	0	1145	571	574	185.64	21	58	369	517	990
480	582	582	0	0	0	1133	553	580	180.3	19	39	362	485	1140
481	513	513	0	0	0	1081	526	555	182.56	20	38	367	492	940
482	553	553	0	0	0	1091	547	544	183.75	20	114	363	523	1050
483	539	539	0	0	0	1085	539	546	184.25	21	50	366	519	970
484	553	553	0	0	0	1048	541	507	185.6	20	120	363	490	990
485	534	534	0	0	0	1051	533	518	184.59	20	117	365	506	1060
486	508	508	0	0	0	1050	493	557	178.98	20	36	366	564	940
487	535	535	0	0	0	1036	531	505	194.08	21	120	376	542	930
488	480	480	0	0	0	1006	463	543	171.15	20	36	364	506	1140
489	491	491	0	0	0	998	503	495	188.57	21	117	369	528	870
490	498	498	0	0	0	996	488	508	178.37	19	33	364	495	1020
491	517	517	0	0	0	1017	515	502	189.3	21	121	372	508	890
492	518	518	0	0	0	1034	520	514	185.44	19	117	368	514	870
493	504	504	0	0	0	984	471	513	186.7	21	39	380	535	1090
494	463	463	0	0	0	946	497	449	193.72	21	132	378	503	900
495	497	497	0	0	0	1008	491	517	185.29	20	37	377	503	900
496	515	515	0	0	0	1018	502	516	184.26	20	37	370	493	940
497	497	497	0	0	0	981	491	490	188.09	21	116	375	505	930
498	473	473	0	0	0	965	484	481	186.33	22	115	371	524	1150
499	497	497	0	0	0	985	496	489	192.38	22	117	375	508	1080
500	523	523	0	0	0	1005	505	500	190.1	20	118	374	508	1130
501	488	488	0	0	0	1034	490	544	175.36	20	31	363	512	1020
502	518	518	0	0	0	1065	529	536	181.34	20	38	368	501	990
503	529	529	0	0	0	1050	505	545	176.53	19	34	364	507	1140
504	544	517	27	0	0	1039	521	518	192.4	22	112	374	520	1140
505	548	548	0	0	0	1088	549	539	222.3	41	118	425	603	1160
506	616	616	0	0	0	1114	593	521	273.55	62	214	475	703	1140
507	549	549	0	0	0	1110	538	572	246.7	53	90	464	629	1090
508	543	543	0	0	0	1104	539	565	203.21	28	85	385	604	1220
509	557	557	0	0	0	1115	559	556	187.06	20	121	365	609	1120
510	608	608	0	0	0	1178	597	581	188.86	20	123	365	499	1280
511	611	611	0	0	0	1181	587	594	184.69	20	51	366	515	1110
512	579	579	0	0	0	1178	585	593	179.6	19	36	359	487	1310
513	607	607	0	0	0	1226	602	624	179.64	18	36	356	483	1280
514	633	633	0	0	0	1246	623	623	180.55	19	49	357	497	1410
515	613	613	0	0	0	1276	625	651	182.8	21	50	361	498	1260
516	654	654	0	0	0	1271	648	623	181.37	19	117	357	474	1430
517	603	603	0	0	0	1274	593	681	170.19	18	30	357	487	1320
518	673	673	0	0	0	1362	676	686	180.01	19	37	357	509	1270
519	668	668	0	0	0	1404	683	721	176.37	19	32	357	502	1470
520	700	700	0	0	0	1413	694	719	177.91	20	44	359	496	1440
521	727	727	0	0	0	1450	719	731	175.22	19	34	359	508	1610
522	726	726	0	0	0	1451	721	730	183.57	19	38	363	508	1560
523	734	734	0	0	0	1507	736	771	183.94	19	37	368	522	1460
524	804	804	0	0	0	1547	811	736	191.29	20	126	366	504	1530
525	805	805	0	0	0	1540	780	760	181.88	19	117	360	498	1670
526	776	776	0	0	0	1577	783	794	183.06	19	37	361	502	1670
527	826	826	0	0	0	1607	807	800	183.24	20	116	362	512	1580
528	800	800	0	0	0	1618	804	814	182.01	20	40	362	513	1680
529	834	834	0	0	0	1663	816	847	186.11	19	33	374	550	1850
530	831	831	0	0	0	1695	847	848	185.6	19	53	364	496	1810
531	903	903	0	0	0	1730	886	844	191.18	20	122	364	525	1900
532	909	909	0	0	0	1774	898	876	184.11	19	116	360	496	1810
533	951	951	0	0	0	1807	934	873	188.95	19	119	363	505	1850
534	864	864	0	0	0	1815	871	944	176.05	19	31	359	503	2000
535	933	933	0	0	0	1870	944	926	182.61	19	112	355	555	1930
536	1127	985	29	80	33	1924	960	964	221.11	19	52	365	1818	1960
537	1896	782	0	592	522	1421	709	712	3990.54	16	43	6987	35007	1920
538	1036	655	0	216	165	1308	646	662	5649.25	15	29	8975	37887	1960
539	980	656	0	168	156	1281	652	629	6008.85	16	3989	9079	36927	2140
540	1035	663	0	208	164	1335	689	646	5692.8	15	4627	8943	35967	2000
541	999	808	0	112	79	1470	782	688	5044.98	16	4299	8031	32463	2170
542	997	729	0	136	132	1619	794	825	3490.73	16	31	5967	34111	2260
543	1007	1007	0	0	0	2056	1004	1052	2123.89	16	29	4303	9919	2230
544	998	998	0	0	0	1954	997	957	3119.87	15	1200	6215	10247	2390
545	1001	1001	0	0	0	1932	993	939	3225.9	15	1864	6075	10791	2400
546	1000	1000	0	0	0	2020	989	1031	2907.75	15	29	5951	10719	2210
547	1002	1002	0	0	0	2023	1002	1021	2562.71	16	32	5991	10119	2370
548	999	999	0	0	0	2023	999	1024	3064.34	15	30	6115	10351	2480
549	1000	1000	0	0	0	2096	994	1102	2768.93	15	25	5991	10671	2380
550	1002	1002	0	0	0	1951	998	953	3537.42	15	3869	6979	10319	2390
551	1001	1001	0	0	0	2015	998	1017	3281.09	15	32	6487	10391	2430
552	996	996	0	0	0	2035	996	1039	3262.43	15	27	6767	10247	2540
553	1005	1005	0	0	0	1973	995	978	3565.16	15	3101	7015	11007	2660
554	999	999	0	0	0	2017	998	1019	3405.41	15	31	6883	10911	2580
555	999	999	0	0	0	1980	994	986	3544.31	15	2785	7007	10775	2620
556	1001	1001	0	0	0	2031	997	1034	3350.74	15	26	6963	10751	2540
557	998	998	0	0	0	1979	999	980	3623.42	16	3011	7039	10871	2680
558	1000	1000	0	0	0	1954	998	956	3677.16	16	3391	7203	10655	2600
559	999	999	0	0	0	2014	1003	1011	3526.31	15	33	7007	10727	2840
560	1002	1002	0	0	0	1947	995	952	3742.25	15	3985	7239	11287	2580
561	996	967	29	0	0	1959	966	993	3663.17	15	33	7031	11607	2860
562	1003	1003	0	0	0	2020	991	1029	3499.03	14	25	7015	11503	2890
563	997	997	0	0	0	2006	995	1011	3593.3	14	31	7035	11567	2730
564	1002	1002	0	0	0	2013	993	1020	3596.43	15	27	7039	11207	2950
565	999	999	0	0	0	1936	991	945	3870.73	15	4307	7407	12039	2740
566	1001	1001	0	0	0	1963	993	970	3803.85	15	3567	7331	11767	2850
567	947	947	0	0	0	1921	943	978	3839.38	15	30	7211	20031	2850
568	999	999	0	0	0	2059	991	1068	3422.71	15	23	7003	11135	2740
569	1002	1002	0	0	0	1976	996	980	3799.22	14	3733	7683	11135	2920
570	1001	1001	0	0	0	1962	990	972	3766.47	15	3785	7403	10871	2930
571	999	999	0	0	0	1972	990	982	3762.65	15	3137	7467	11783	3000
572	999	999	0	0	0	1934	994	940	3936.84	15	4065	7763	11319	3050
573	1000	1000	0	0	0	2075	993	1082	3449.86	15	23	7003	11207	2940
574	999	999	0	0	0	1946	999	947	3897.87	15	4287	7687	11663	2850
575	1002	1002	0	0	0	2007	995	1012	3702.65	15	27	7495	11623	3020
576	1002	1002	0	0	0	1932	995	937	3936.82	15	4483	7743	11735	2950
577	1000	1000	0	0	0	2044	991	1053	3553.69	15	24	7067	10927	3040
578	997	997	0	0	0	2060	995	1065	3540.39	15	24	7051	11447	3050
579	1002	1002	0	0	0	2001	996	1005	3730.74	15	39	7259	11015	3020
580	998	998	0	0	0	1991	999	992	3786.3	15	3519	7251	11551	2990
581	1003	1003	0	0	0	1908	997	911	4059.72	15	4771	7971	11071	3010
582	998	998	0	0	0	2052	994	1058	3538.17	15	23	7079	11431	2950
583	1001	1001	0	0	0	1900	966	934	4022.04	15	3617	7783	11999	3060
584	996	968	28	0	0	1980	995	985	3814.39	14	3417	7643	11015	2870
585	1002	1002	0	0	0	2041	996	1045	3606.5	14	24	7099	10815	2990
586	998	998	0	0	0	1933	991	942	3953.74	14	4191	7887	11543	2860
587	999	999	0	0	0	1972	990	982	3817.95	14	3309	7459	11399	2960
588	1001	1001	0	0	0	2035	994	1041	3580.28	15	24	7163	11095	2840
589	999	999	0	0	0	2078	985	1093	3460.96	14	22	6999	11255	2950
590	1001	1001	0	0	0	2049	985	1064	3539.68	15	24	7103	10911	3000
591	999	999	0	0	0	1938	992	946	3914.82	15	3999	7711	11695	2930
592	1001	1001	0	0	0	1952	986	966	3846.69	15	3991	7435	11623	2980
593	1001	1001	0	0	0	1943	993	950	3940.07	15	4023	7787	11383	2910
594	998	998	0	0	0	2022	987	1035	3585.05	16	30	7203	11343	2810
595	1002	1002	0	0	0	2089	995	1094	3419.38	15	24	6975	10863	2810
596	1000	1000	0	0	0	1988	987	1001	3707.71	15	29	7279	12567	2840
597	1001	1001	0	0	0	2080	994	1086	3337.37	15	24	6935	11015	2880
598	1000	1000	0	0	0	1970	992	978	3749.32	15	3501	7231	11423	2770
599	1000	1000	0	0	0	1956	992	964	3796.49	15	3961	7287	11279	2900
600	998	998	0	0	0	2052	993	1059	3474.66	15	25	7011	10999	2750
601	1002	1002	0	0	0	1897	995	902	4007.52	16	4771	7875	11551	2810
602	1001	1001	0	0	0	1937	984	953	3799.54	16	3479	7455	12015	2690
603	999	999	0	0	0	1953	991	962	3816.54	16	3845	7383	11519	2700
604	1000	1000	0	0	0	2020	989	1031	3504.1	15	25	7011	10823	2770
605	1002	1002	0	0	0	1902	984	918	3913.54	15	4531	7387	11975	2550
606	997	997	0	0	0	1977	994	983	3616.56	15	2729	7035	11007	2710
607	1003	1003	0	0	0	2011	989	1022	3456.39	16	27	6895	11055	2580
608	997	967	30	0	0	1959	961	998	3601.29	14	24	7011	11967	2460
609	999	999	0	0	0	1999	993	1006	3489.89	14	26	7015	10991	2670
610	999	999	0	0	0	2001	974	1027	3482.43	14	23	6899	11935	2650
611	1000	1000	0	0	0	1985	989	996	3496.14	15	37	6995	11479	2420
612	1002	1002	0	0	0	1963	990	973	3522.1	15	1665	7011	10631	2570
613	998	998	0	0	0	1960	991	969	3596.16	15	3495	7027	11039	2490
614	999	999	0	0	0	1987	995	992	3478.5	15	900	6939	11031	2440
615	1004	1004	0	0	0	1995	985	1010	3414.98	15	31	6823	10983	2300
616	1000	1000	0	0	0	1977	983	994	3335.87	15	34	6867	10927	2500
617	996	996	0	0	0	1976	994	982	3311.21	16	1620	6651	10639	2370
618	990	990	0	0	0	1980	982	998	3322.33	16	33	6579	11879	2260
619	1004	1004	0	0	0	1960	986	974	3308.31	15	360	6635	11151	2370
620	999	999	0	0	0	2035	996	1039	2798.14	16	28	5971	10223	2230
621	999	999	0	0	0	1993	987	1006	3209.37	16	29	6507	10775	2120
622	999	999	0	0	0	2051	992	1059	2625.38	16	26	5527	10031	2010
623	997	997	0	0	0	2013	986	1027	2360	17	35	4843	9807	2100
624	1004	1004	0	0	0	1974	985	989	2852.13	16	33	5727	10415	2060
625	1000	1000	0	0	0	1971	984	987	2421.55	17	40	4943	9951	2000
626	994	994	0	0	0	1940	994	946	2618.39	17	316	5635	9887	1930
627	992	992	0	0	0	2036	987	1049	474.2	19	34	366	7523	2090
628	998	998	0	0	0	2002	993	1009	184.21	19	41	365	503	2010
629	1011	1011	0	0	0	1942	995	947	1371.02	18	130	1378	9047	1920
630	960	960	0	0	0	1940	947	993	197	18	31	358	914	1800
631	964	964	0	0	0	1894	944	950	187.34	19	38	360	497	1900
632	1089	687	30	208	164	1230	631	599	5585.91	16	390	8431	35871	1780
633	1023	650	0	208	165	1268	634	634	5765.73	15	35	8815	37279	1830
634	1067	661	0	216	190	1301	656	645	5396.09	16	2939	8239	35935	1870
635	994	621	0	208	165	1243	617	626	5745.67	15	31	8535	35071	1710
636	1010	652	0	184	174	1252	647	605	5532.03	16	3781	8975	35967	1690
637	1036	638	0	232	166	1273	631	642	5358.61	16	36	8015	36831	1670
638	998	698	0	160	140	1374	686	688	4500.66	17	41	7191	32991	1510
639	1034	630	0	208	196	1231	629	602	5414	16	2935	8591	35903	1610
640	989	591	0	232	166	1213	593	620	5177.59	17	31	7975	36671	1440
641	893	714	0	80	99	1440	745	695	1669.24	18	121	386	28191	1600
642	770	770	0	0	0	1543	755	788	173.61	18	33	360	492	1620
643	720	720	0	0	0	1507	740	767	175.24	18	34	359	486	1440
644	762	762	0	0	0	1519	721	798	172.99	19	31	357	484	1510
645	687	687	0	0	0	1429	712	717	174.89	19	39	356	476	1260
646	722	722	0	0	0	1423	711	712	176.1	19	42	355	486	1450
647	703	703	0	0	0	1406	711	695	181.8	20	114	361	496	1220
648	719	719	0	0	0	1380	712	668	184.33	19	120	358	475	1400
649	668	668	0	0	0	1335	659	676	180.88	19	37	367	502	1360
650	693	693	0	0	0	1320	679	641	183.49	19	119	356	484	1240
651	614	614	0	0	0	1273	610	663	168.88	19	31	354	466	1380
652	590	590	0	0	0	1214	607	607	178.78	19	42	354	476	1310
653	641	641	0	0	0	1262	632	630	177.03	19	110	353	471	1160
654	569	569	0	0	0	1168	574	594	174.99	20	42	360	478	1100
655	588	588	0	0	0	1189	578	611	169.1	19	32	355	473	1120
656	601	601	0	0	0	1165	611	554	189.81	20	127	367	490	1270
657	601	601	0	0	0	1131	583	548	183.52	20	121	364	488	1210
658	589	589	0	0	0	1138	589	549	193.07	19	128	372	521	1200
659	550	550	0	0	0	1113	546	567	182.42	19	35	367	500	1220
660	553	553	0	0	0	1106	550	556	182.52	19	41	366	507	1090
661	568	568	0	0	0	1099	557	542	181.77	20	115	366	505	1140
662	514	514	0	0	0	1066	521	545	181.95	20	38	365	504	990
663	520	520	0	0	0	1053	505	548	176.67	20	34	360	511	1120
664	496	496	0	0	0	1022	506	516	177.72	19	36	357	488	900
665	519	519	0	0	0	1070	506	564	172.73	20	32	358	483	1050
666	513	513	0	0	0	985	502	483	184.38	20	119	362	485	920
667	506	506	0	0	0	1019	512	507	184.38	20	114	364	492	1090
668	487	487	0	0	0	996	497	499	182.77	20	51	361	496	870
669	481	481	0	0	0	968	472	496	178.71	19	36	360	497	1120
670	510	481	29	0	0	985	478	507	179.97	18	31	359	508	850
671	500	500	0	0	0	1000	508	492	183.43	19	118	368	488	1020
672	510	510	0	0	0	957	485	472	189.06	19	124	374	504	1070
673	486	486	0	0	0	980	497	483	186.42	19	124	367	506	1030
674	515	515	0	0	0	1007	508	499	186.9	19	117	363	507	860
675	521	521	0	0	0	1039	529	510	186.62	19	119	364	496	1100
676	522	522	0	0	0	988	520	468	188.31	20	125	366	498	920
677	519	519	0	0	0	1051	501	550	175.11	19	31	363	486	890
678	493	493	0	0	0	1018	502	516	174.81	19	34	356	495	1080
679	519	519	0	0	0	1002	498	504	176.11	19	38	358	482	1070
680	508	508	0	0	0	994	534	460	194.7	21	127	366	501	1100
681	550	550	0	0	0	1061	520	541	176.02	19	36	357	490	1060
682	520	520	0	0	0	1038	529	509	185.24	19	117	363	492	1110
683	521	521	0	0	0	1048	530	518	185.01	20	115	363	488	1010
684	554	554	0	0	0	1063	540	523	188.12	20	122	366	500	1140
685	528	528	0	0	0	1093	537	556	184.09	20	44	371	508	1050
686	559	559	0	0	0	1125	553	572	185.62	19	37	372	504	1240
687	565	565	0	0	0	1128	557	571	178.57	19	36	361	486	1280
688	575	575	0	0	0	1133	556	577	179.98	19	34	363	493	1110
689	557	557	0	0	0	1139	567	572	181.49	19	45	361	499	1110
690	575	575	0	0	0	1168	579	589	177.41	20	53	360	494	1150
691	558	558	0	0	0	1180	571	609	176.2	20	35	360	483	1200
692	596	596	0	0	0	1219	576	643	170.83	19	32	360	489	1270
693	587	587	0	0	0	1215	590	625	173.62	20	34	359	483	1240
694	640	640	0	0	0	1258	634	624	185.51	20	114	359	484	1300
695	615	615	0	0	0	1266	601	665	174.34	20	41	359	503	1330
696	651	651	0	0	0	1285	654	631	189.03	20	118	361	510	1320
697	687	687	0	0	0	1314	668	646	184.4	21	118	361	488	1320
698	633	633	0	0	0	1316	648	668	178.18	19	38	361	485	1280
699	698	698	0	0	0	1353	701	652	187.52	19	122	360	488	1400
700	688	688	0	0	0	1376	680	696	177.38	19	38	358	488	1410
701	666	666	0	0	0	1370	675	695	181.2	20	36	361	490	1570
702	725	725	0	0	0	1472	714	758	174.2	20	33	357	491	1650
703	748	748	0	0	0	1475	759	716	189.84	21	121	363	505	1420
704	746	746	0	0	0	1513	739	774	179.73	19	34	363	499	1610
705	730	730	0	0	0	1539	720	819	171.62	19	30	358	513	1480
706	760	760	0	0	0	1582	755	827	172.84	19	30	356	486	1710
707	767	767	0	0	0	1580	787	793	177.83	19	38	359	507	1800
708	832	832	0	0	0	1660	818	842	180.68	19	35	358	504	1720
709	866	837	29	0	0	1697	837	860	185.07	19	38	368	523	1760
710	856	856	0	0	0	1733	867	866	180.31	18	108	361	488	1740
711	893	893	0	0	0	1770	886	884	184.91	18	108	362	522	1800
712	936	936	0	0	0	1780	928	852	187.91	18	123	362	518	1990
713	930	930	0	0	0	1819	919	900	181.35	19	117	362	488	1900
714	937	937	0	0	0	1867	943	924	181.55	19	116	358	498	2040
715	986	986	0	0	0	1907	965	942	183.42	19	115	359	492	1940
716	971	971	0	0	0	1950	996	954	181.53	19	118	357	478	1910
717	1006	1006	0	0	0	1963	974	989	174.92	18	36	351	474	1940
718	1004	1004	0	0	0	1998	995	1003	177.9	18	35	352	485	2060
719	1013	1013	0	0	0	2010	1011	999	179.85	19	111	356	494	2200
720	1065	1065	0	0	0	2080	1063	1017	180.67	18	117	353	487	2220
721	1082	1082	0	0	0	2131	1083	1048	177.29	18	116	353	472	2110
722	1094	1094	0	0	0	2126	1065	1061	177.68	20	108	354	485	2150
723	1037	1037	0	0	0	2154	1033	1121	168.43	18	31	346	467	2210
724	1078	1078	0	0	0	2214	1065	1149	170.49	18	32	348	473	2200
725	1113	1113	0	0	0	2219	1119	1100	178.82	19	111	352	477	2180
726	1110	1110	0	0	0	2232	1107	1125	177.44	19	38	355	484	2260
727	1164	1164	0	0	0	2266	1153	1113	181.9	19	118	358	487	2460
728	1181	1181	0	0	0	2289	1169	1120	180.04	19	116	354	482	2290
729	1051	1051	0	0	0	1991	1016	975	3174.41	16	331	6671	10495	2570
730	998	998	0	0	0	1999	993	1006	3296.08	16	29	6747	11039	2420
731	1001	1001	0	0	0	2000	990	1010	3378.91	16	27	6683	10975	2510
732	1031	1001	30	0	0	1933	947	986	3581.41	16	31	6851	13615	2640
733	966	966	0	0	0	1874	991	883	3913.22	14	4491	7579	11247	2480
734	1001	1001	0	0	0	1952	991	961	3646.03	14	3199	7055	11303	2500
735	1001	1001	0	0	0	2064	988	1076	3163.19	14	23	6591	10847	2750
736	997	997	0	0	0	2027	992	1035	3264.2	15	27	6799	10783	2570
737	1002	1002	0	0	0	1892	987	905	3921.77	15	4527	7567	11479	2600
738	998	998	0	0	0	2024	982	1042	3428.57	14	24	6879	11039	2710
739	990	990	0	0	0	2000	973	1027	3489.87	15	23	6987	11967	2750
740	1001	1001	0	0	0	2013	991	1022	3545.77	14	26	6995	10991	2840
741	1001	1001	0	0	0	1941	989	952	3767.91	15	4011	7307	11159	2750
742	1000	1000	0	0	0	1983	991	992	3677.05	15	32	7087	11103	2820
743	1000	1000	0	0	0	2000	991	1009	3609.68	15	28	7107	11615	2780
744	999	999	0	0	0	1896	996	900	4034.79	15	4811	7927	10999	2800
745	999	999	0	0	0	2006	999	1007	3643.1	15	29	7231	11023	2760
746	1002	1002	0	0	0	2020	986	1034	3588.35	15	24	7087	11223	2790
747	1000	1000	0	0	0	1968	981	987	3696.75	15	32	7211	11735	2850
748	1001	1001	0	0	0	1964	984	980	3758.59	15	1779	7331	12063	3020
749	1001	1001	0	0	0	1928	984	944	3903.99	15	3915	7683	11991	2850
750	1000	1000	0	0	0	1903	984	919	4021.49	15	4787	7819	11791	2970
751	997	997	0	0	0	1966	989	977	3752.51	15	2995	7395	11351	3060
752	1000	1000	0	0	0	2004	984	1020	3656.47	15	27	7219	11711	2810
753	1002	1002	0	0	0	1965	984	981	3854.3	15	3881	7579	11479	3060
754	1000	1000	0	0	0	1980	987	993	3726.28	15	33	7227	11895	2890
755	998	970	28	0	0	1781	901	880	4316.45	15	3255	7995	19967	3070
756	1022	690	0	200	132	1307	666	641	6479.92	15	4651	9967	37023	2990
757	994	653	0	176	165	1322	657	665	6179.71	15	30	10007	37247	2880
758	1010	673	0	176	161	1385	661	724	5850.39	14	25	9263	38111	2900
759	1047	691	0	192	164	1347	688	659	6261.58	15	4963	9759	39263	2890
760	1014	697	0	184	133	1350	671	679	6190.04	15	33	9903	38015	3080
761	1031	701	0	184	146	1346	695	651	6216.03	15	5071	9895	36191	3010
762	1036	687	0	184	165	1401	701	700	5922.71	15	3039	9879	36063	3000
763	1014	857	0	88	69	1631	810	821	4858.81	15	31	8051	35007	2920
764	998	721	0	144	133	1438	761	677	5818.85	15	5239	9279	33375	2990
765	1019	719	0	168	132	1365	684	681	6089.27	15	3439	9767	36255	3110
766	1000	724	0	144	132	1423	720	703	5793.38	15	3597	9215	34015	2860
767	1008	870	0	72	66	1834	931	903	4211.72	15	4003	7963	16991	2920
768	1003	1003	0	0	0	2028	996	1032	3673.98	15	26	7267	11023	2950
769	999	999	0	0	0	2025	1002	1024	3659.6	15	26	7239	11071	3100
770	998	998	0	0	0	2035	991	1043	3591.19	15	26	7043	10983	2920
771	1004	1004	0	0	0	2017	997	1020	3679.65	15	27	7103	11975	3000
772	998	998	0	0	0	1981	995	986	3753.37	15	3157	7431	11239	2800
773	1001	1001	0	0	0	1945	998	947	3889.22	15	4195	7607	11231	2800
774	1000	1000	0	0	0	2006	994	1012	3654.85	15	28	7255	11479	2810
775	998	998	0	0	0	2012	996	1016	3676.89	15	30	7311	11271	2800
776	1000	1000	0	0	0	2007	994	1013	3642.72	16	33	7163	11039	2840
777	1002	1002	0	0	0	1940	1000	940	3868.2	15	4235	7647	11319	2950
778	998	998	0	0	0	2011	997	1014	3627.93	15	29	7195	11055	2930
779	1001	1001	0	0	0	2034	996	1038	3536.81	15	25	7039	11007	2840
780	1000	1000	0	0	0	1952	998	954	3843.97	15	4043	7627	11063	2650
781	999	999	0	0	0	1967	994	973	3777.67	15	3171	7371	11063	2880
782	1002	1002	0	0	0	1988	996	992	3661.08	15	2995	7175	10943	2880
783	997	967	30	0	0	1909	962	947	3877	14	3001	7351	13143	2750
784	998	998	0	0	0	2005	994	1011	3546.2	15	31	7023	11119	2720
785	1002	1002	0	0	0	1999	991	1008	3583.87	17	74	7027	11047	2620
786	1001	1001	0	0	0	1976	991	985	3671.25	36	1900	7115	11759	2530
787	997	997	0	0	0	2014	994	1020	3492.36	36	79	6963	10831	2590
788	1002	1002	0	0	0	1961	994	967	3647.91	27	3773	7019	10927	2620
789	997	997	0	0	0	2047	992	1055	3328.07	15	27	6779	11047	2500
790	993	993	0	0	0	1907	939	968	3740.41	15	30	6987	18975	2510
791	954	954	0	0	0	1986	996	990	3444.21	16	348	6975	10879	2350
792	1001	1001	0	0	0	2002	997	1005	3305.25	15	30	6911	10959	2610
793	1000	1000	0	0	0	1949	988	961	3626.51	15	3317	7007	11943	2360
794	1000	1000	0	0	0	2031	993	1038	3286.07	16	31	6627	10807	2390
795	999	999	0	0	0	1953	984	969	3463.78	15	2649	6847	11095	2300
796	999	999	0	0	0	2102	995	1107	2962.43	16	26	6047	10119	2470
797	1003	1003	0	0	0	1915	995	920	3594.8	16	2183	7107	10751	2350
798	1000	1000	0	0	0	2012	992	1020	3150.07	15	27	6239	10991	2370
799	1000	1000	0	0	0	1949	992	957	3222.81	16	395	6587	10975	2210
800	999	999	0	0	0	1899	997	902	3566.33	16	3217	6991	11239	2310
801	995	995	0	0	0	2017	992	1025	2795.72	16	31	5743	9967	2220
802	1006	1006	0	0	0	2052	999	1053	2545.74	16	27	5211	9863	1990
803	999	999	0	0	0	1934	989	945	2999.6	16	351	6071	10135	2200
804	999	999	0	0	0	1989	997	992	2148.62	17	115	4899	9487	2070
805	997	997	0	0	0	1924	969	955	2305.37	17	123	4811	10079	1890
806	996	968	28	0	0	1974	987	987	1802.85	16	69	3529	9151	1990
807	991	991	0	0	0	2004	986	1018	472.21	18	35	366	6495	1880
808	993	993	0	0	0	2010	990	1020	542.49	18	35	379	5655	1900
809	961	961	0	0	0	1960	939	1021	172.19	18	31	357	475	1740
810	961	961	0	0	0	1938	963	975	176.9	18	40	356	484	1710
811	950	950	0	0	0	1858	930	928	176.69	18	44	354	473	1730
812	923	923	0	0	0	1816	919	897	181.8	18	114	356	484	1820
813	899	899	0	0	0	1791	889	902	178.08	19	46	357	478	1600
814	884	884	0	0	0	1799	864	935	171.66	18	31	353	512	1640
815	860	860	0	0	0	1710	841	869	172.61	18	34	351	476	1820
816	860	860	0	0	0	1707	876	831	183.8	18	117	356	482	1780
817	850	850	0	0	0	1693	840	853	178.34	18	40	353	487	1620
818	869	869	0	0	0	1662	860	802	190.1	19	123	363	496	1500
819	814	814	0	0	0	1590	799	791	185.56	20	116	364	509	1460
820	783	783	0	0	0	1571	772	799	176.25	18	34	356	489	1440
821	786	786	0	0	0	1559	791	768	185.74	20	120	362	508	1550
822	767	767	0	0	0	1498	753	745	188.36	20	118	366	492	1470
823	779	779	0	0	0	1496	761	735	180.57	19	117	358	485	1280
824	780	780	0	0	0	1499	780	719	188.72	19	122	361	506	1390
825	747	747	0	0	0	1452	727	725	182.3	19	41	357	493	1320
826	722	722	0	0	0	1395	713	682	185.73	19	115	361	506	1270
827	711	711	0	0	0	1383	699	684	185.55	21	116	366	486	1410
828	687	687	0	0	0	1380	707	673	184.86	19	121	362	479	1400
829	715	715	0	0	0	1349	690	659	195.58	19	126	379	524	1210
830	618	618	0	0	0	1301	615	686	177.41	21	34	367	497	1190
831	655	655	0	0	0	1254	645	609	191.29	20	126	368	497	1200
832	671	671	0	0	0	1272	666	606	197.56	20	129	369	501	1330
833	670	643	27	0	0	1200	613	587	188.55	19	116	363	494	1170
834	600	600	0	0	0	1224	599	625	182.03	18	33	363	495	1170
835	572	572	0	0	0	1159	571	588	182.08	18	36	362	502	1250
836	599	599	0	0	0	1177	577	600	182.45	18	35	370	495	1200
837	606	606	0	0	0	1166	597	569	184.11	19	120	363	479	1220
838	563	563	0	0	0	1167	568	599	183.28	18	31	364	505	1050
839	577	577	0	0	0	1100	552	548	193.96	20	112	369	567	1100
840	556	556	0	0	0	1098	549	549	182.4	19	40	365	485	1020
841	573	573	0	0	0	1071	574	497	196.96	21	133	364	501	1150
842	556	556	0	0	0	1097	560	537	185.27	19	123	360	490	1070
843	537	537	0	0	0	1044	512	532	180.46	19	34	362	494	910
844	503	503	0	0	0	1026	496	530	181.54	20	36	367	501	880
845	526	526	0	0	0	1031	517	514	192.99	21	123	374	513	1060
846	518	518	0	0	0	1006	499	507	188.34	20	39	368	504	860
847	478	478	0	0	0	1022	492	530	180.4	21	41	366	502	1150
848	516	516	0	0	0	964	494	470	185.88	19	123	361	487	1100
849	491	491	0	0	0	992	497	495	186.14	21	52	366	502	870
850	522	522	0	0	0	1019	528	491	190.44	21	125	365	514	1090
851	500	500	0	0	0	1007	481	526	178.82	20	35	364	506	950
852	522	522	0	0	0	996	510	486	186.23	20	122	363	485	1130
853	509	509	0	0	0	997	512	485	190.09	20	125	365	490	1000
854	490	490	0	0	0	959	475	484	178.28	20	44	361	490	1050
855	497	497	0	0	0	991	489	502	180.99	20	38	365	512	860
856	481	481	0	0	0	968	484	484	181.55	20	43	360	481	1050
857	480	480	0	0	0	970	482	488	179.49	19	39	362	485	1030
858	543	543	0	0	0	1032	541	491	193.16	21	132	367	490	1060
859	517	517	0	0	0	1026	510	516	186.5	20	41	365	508	1140
860	541	541	0	0	0	1064	529	535	182.33	20	41	357	488	1010
861	513	513	0	0	0	1049	520	529	181.24	19	39	359	487	1070
862	507	507	0	0	0	998	498	500	187.82	20	45	361	481	1000
863	528	528	0	0	0	1013	521	492	182.34	20	121	355	479	1230
864	557	557	0	0	0	1055	551	504	182.24	20	120	358	482	1090
865	556	556	0	0	0	1139	572	567	182.06	19	112	357	482	1050
866	593	593	0	0	0	1081	573	508	192.83	19	126	362	489	1120
867	594	594	0	0	0	1128	593	535	191.59	21	127	362	485	1210
868	545	545	0	0	0	1128	548	580	180.26	19	34	366	496	1260
869	584	584	0	0	0	1160	578	582	184.34	20	39	366	502	1340
870	630	630	0	0	0	1212	629	583	191.77	20	125	366	483	1350
871	608	608	0	0	0	1228	604	624	178.93	20	35	360	484	1190
872	626	626	0	0	0	1234	601	633	184.11	21	43	369	505	1250
873	1428	623	27	448	330	1248	636	612	267.55	20	127	374	2559	1410
874	1436	575	0	456	405	1052	535	517	4963.59	17	382	7651	36255	1210
875	991	541	0	240	210	1069	552	517	5345.03	17	2121	7519	36511	1380
876	1023	571	0	256	196	1084	572	512	5186.76	18	1931	7439	38463	1320
877	1015	579	0	240	196	1123	573	550	4973.86	18	1866	7255	35135	1280
878	1011	581	0	232	198	1182	579	603	4581.29	17	36	6883	34591	1310
879	1043	597	0	248	198	1159	598	561	4990.13	18	2199	7127	36831	1510
880	1002	597	0	208	197	1155	594	561	5528.08	17	2425	8751	36031	1500
881	846	717	0	64	65	1460	759	701	1109.79	18	124	372	14015	1430
882	760	760	0	0	0	1506	756	750	177.11	18	109	355	490	1570
883	776	776	0	0	0	1509	752	757	181.47	18	41	357	487	1670
884	755	755	0	0	0	1499	746	753	179.33	20	46	360	495	1490
885	802	802	0	0	0	1572	829	743	186.24	19	124	356	488	1660
886	834	834	0	0	0	1596	813	783	185.5	19	117	361	484	1620
887	810	810	0	0	0	1595	808	787	180.56	19	120	358	486	1800
888	841	841	0	0	0	1661	849	812	184.06	19	120	359	501	1660
889	848	848	0	0	0	1722	835	887	179.03	19	34	364	513	1640
890	875	875	0	0	0	1721	878	843	187.04	20	119	364	520	1880
891	862	862	0	0	0	1738	865	873	181.42	19	37	355	486	1810
892	932	932	0	0	0	1804	940	864	183.67	19	122	352	479	1810
893	926	926	0	0	0	1882	919	963	173.22	18	33	351	475	1980
894	929	929	0	0	0	1886	935	951	178.14	19	47	354	480	2020
895	943	943	0	0	0	1872	924	948	175.18	20	41	354	481	1930
896	975	975	0	0	0	1949	970	979	176.65	19	40	353	476	2150
897	962	962	0	0	0	1970	963	1007	171.89	18	33	351	476	2050
898	998	998	0	0	0	2036	1006	1030	175.69	19	42	352	480	1940
899	1008	1008	0	0	0	2027	1008	1019	177.25	19	42	353	483	2250
900	1062	1035	27	0	0	2078	1039	1039	180.07	18	107	353	476	2220
901	1065	1065	0	0	0	2127	1061	1066	172.07	18	43	350	475	2200
902	1125	1125	0	0	0	2186	1123	1063	181.33	18	115	353	468	2160
903	1126	1126	0	0	0	2218	1114	1104	177.26	18	114	352	477	2400
904	1132	1132	0	0	0	2214	1111	1103	177.11	19	115	357	487	2380
905	1122	1122	0	0	0	2295	1132	1163	172.09	18	36	349	484	2190
906	1142	1142	0	0	0	2276	1130	1146	176.68	19	38	352	478	2420
907	1135	1135	0	0	0	2148	1107	1041	1188.29	18	122	380	9663	2300
908	999	999	0	0	0	2018	998	1020	3154.73	16	30	6331	10967	2510
909	1001	1001	0	0	0	1951	993	958	3399.76	15	1195	6875	10991	2390
910	1005	1005	0	0	0	1972	995	977	3443.86	15	2151	6979	10223	2390
911	997	997	0	0	0	2048	995	1053	3238.79	16	27	6595	10511	2620
912	1000	1000	0	0	0	2039	991	1048	3256.95	16	29	6531	11087	2580
913	1001	1001	0	0	0	2055	998	1057	3294.57	16	28	6651	10967	2590
914	998	998	0	0	0	2049	995	1054	3266.01	16	29	6819	10215	2540
915	1002	1002	0	0	0	1946	998	948	3746.65	15	3903	7327	11119	2570
916	1000	1000	0	0	0	1992	994	998	3559.27	16	39	7019	10295	2790
917	1000	1000	0	0	0	2031	991	1040	3425.76	15	26	6963	10935	2610
918	1001	1001	0	0	0	1925	993	932	3807.71	15	3801	7623	10999	2820
919	995	995	0	0	0	2052	996	1056	3368.72	15	25	6915	11159	2680
920	1004	1004	0	0	0	1927	995	932	3845.18	15	4279	7475	11079	2780
921	1000	1000	0	0	0	1958	1000	958	3746.3	15	3903	7331	10983	2720
922	997	969	28	0	0	1930	959	971	3776.06	15	30	7123	12615	2840
923	997	997	0	0	0	1967	991	976	3736	14	3777	7211	11023	2730
924	1001	1001	0	0	0	1993	993	1000	3677.25	14	32	7135	10991	2810
925	1001	1001	0	0	0	1996	987	1009	3632.61	14	27	7171	11151	2950
926	1001	1001	0	0	0	1964	995	969	3808.57	15	3627	7567	11215	2750
927	1001	1001	0	0	0	2019	988	1031	3586.8	14	25	7199	11335	2960
928	998	998	0	0	0	2037	995	1042	3553.77	14	24	7011	11015	2750
929	1001	1001	0	0	0	1916	996	920	3946.5	15	4307	7607	11695	2900
930	998	998	0	0	0	1960	993	967	3790.16	15	4003	7471	11023	2970
931	1002	1002	0	0	0	1975	985	990	3787.47	15	34	7447	12207	3050
932	1000	1000	0	0	0	2025	995	1030	3611.89	15	25	7039	11223	2980
933	1001	1001	0	0	0	1923	991	932	3958.7	15	4247	7795	11983	3090
934	1001	1001	0	0	0	2026	995	1031	3631.76	15	24	7223	10783	3020
935	998	998	0	0	0	1998	996	1002	3717.6	15	29	7563	11071	2940
936	1002	1002	0	0	0	1985	987	998	3739.73	15	29	7351	11415	3030
937	1000	1000	0	0	0	1938	991	947	3904.48	15	4143	7623	11607	2930
938	999	999	0	0	0	1945	991	954	3926.07	15	4323	7839	11399	2940
939	1002	1002	0	0	0	2069	993	1076	3501.19	15	24	7019	10975	3040
940	990	990	0	0	0	1928	986	942	3932.34	15	4203	7715	11975	2980
941	1001	1001	0	0	0	2020	994	1026	3671.96	15	26	7235	11503	3010
942	998	998	0	0	0	2000	990	1010	3724.41	15	26	7299	11231	2950
943	998	998	0	0	0	1974	993	981	3829.77	15	3847	7735	11215	3040
944	1001	1001	0	0	0	2006	995	1011	3691.37	15	29	7247	11655	2960
945	995	966	29	0	0	1894	954	940	4045.75	14	3069	7831	14447	2930
946	999	999	0	0	0	2004	985	1019	3689.93	14	24	7323	12047	3040
947	1002	1002	0	0	0	1984	987	997	3749.65	14	28	7335	11335	3040
948	999	999	0	0	0	1922	985	937	3975.84	14	4359	7791	11671	2810
949	1001	1001	0	0	0	2105	988	1117	3383.1	14	21	6975	11207	3040
950	1001	1001	0	0	0	1949	987	962	3860.93	14	3981	7495	11671	2990
951	999	999	0	0	0	2010	981	1029	3619.65	15	24	7095	11223	2880
952	999	999	0	0	0	1941	988	953	3911.92	15	4081	7751	11551	2890
953	998	998	0	0	0	2047	988	1059	3516.08	15	23	7035	11903	2900
954	1001	1001	0	0	0	1978	989	989	3797.33	15	30	7711	11639	2730
955	1002	1002	0	0	0	1985	991	994	3715.09	15	33	7239	11535	2770
956	999	999	0	0	0	1921	985	936	3926	15	4115	7807	12015	2990
957	999	999	0	0	0	1944	989	955	3833.24	15	3771	7595	11231	2810
958	1003	1003	0	0	0	1941	988	953	3825.25	15	3407	7539	11847	2680
959	998	998	0	0	0	1992	991	1001	3659.55	15	31	7227	11207	2830
960	1004	1004	0	0	0	1872	993	879	4099.84	16	4711	7959	11935	2860
961	997	997	0	0	0	1999	993	1006	3630.2	15	29	7079	11191	2740
962	998	998	0	0	0	1979	995	984	3690.38	15	3197	7151	11567	2570
963	1001	1001	0	0	0	1998	988	1010	3586.01	15	26	7051	11167	2800
964	1002	1002	0	0	0	2009	997	1012	3544.47	15	27	6991	11023	2540
965	998	998	0	0	0	2001	991	1010	3571.82	16	29	7011	11007	2730
966	999	999	0	0	0	1913	984	929	3796.94	15	3569	7255	12007	2720
967	1003	1003	0	0	0	1987	994	993	3554.25	16	228	7015	11015	2460
968	1002	1002	0	0	0	1920	986	934	3801.8	16	3869	7247	11927	2580
969	993	963	30	0	0	1891	909	982	3738.28	15	24	6999	17967	2470
970	1031	691	0	208	132	1314	674	640	6139	14	4771	9119	36415	2630
971	1014	673	0	176	165	1261	644	617	6431.89	15	4939	10015	38111	2420
972	1033	693	0	192	148	1367	690	677	5919.73	15	3781	9727	37247	2550
973	1024	683	0	176	165	1289	678	611	6351.83	15	5019	9983	37919	2500
974	1046	690	0	192	164	1273	685	588	6444.38	15	5859	9935	35935	2280
975	1006	680	0	176	150	1306	667	639	6140.98	15	4787	9767	37279	2230
976	995	687	0	176	132	1325	668	657	5943.81	15	3837	9143	39039	2310
977	1003	784	0	112	107	1608	793	815	4506.51	15	30	7611	34431	2340
978	1007	681	0	176	150	1353	688	665	5703.34	15	3925	9015	35039	2150
979	1018	718	0	168	132	1323	686	637	6019.61	16	4859	9191	36063	2100
980	1013	673	0	176	164	1420	691	729	5182.19	16	26	8551	36447	2260
981	1010	863	0	80	67	1845	898	947	3212.08	16	26	6015	19519	2230
982	996	996	0	0	0	2033	997	1036	2664.21	16	29	5343	9599	2090
983	1000	1000	0	0	0	1904	996	908	3310.38	16	2463	6515	10247	2030
984	1003	1003	0	0	0	1979	995	984	2885.44	16	356	5787	10007	2010
985	998	998	0	0	0	2010	998	1012	2313.06	16	32	4743	9263	1900
986	1002	1002	0	0	0	1909	991	918	3011.21	16	686	5983	10511	2090
987	985	985	0	0	0	1932	979	953	1751.74	17	128	3497	9431	1810
988	1000	1000	0	0	0	1988	1009	979	186.44	19	121	357	487	2000
989	995	995	0	0	0	1903	977	926	1480.06	17	125	998	9903	1740
990	916	916	0	0	0	1911	909	1002	167.55	18	30	350	470	1740
991	928	928	0	0	0	1877	919	958	171.26	19	33	352	480	1660
992	914	914	0	0	0	1805	920	885	182.43	19	118	356	493	1820
993	930	930	0	0	0	1765	909	856	180.44	19	120	356	480	1580
994	843	843	0	0	0	1742	849	893	173.63	18	33	356	483	1790
995	853	853	0	0	0	1725	849	876	177.33	19	36	354	486	1510
996	834	834	0	0	0	1682	826	856	178.61	19	35	357	492	1470
997	817	817	0	0	0	1655	818	837	178.55	19	36	358	497	1640
998	859	830	29	0	0	1597	807	790	185.71	18	117	357	510	1560
999	806	806	0	0	0	1582	800	782	186.04	18	113	359	493	1420
1000	800	800	0	0	0	1570	788	782	179.69	19	110	356	496	1590
1001	754	754	0	0	0	1498	756	742	178.44	18	113	355	479	1360
1002	736	736	0	0	0	1494	729	765	174.64	18	33	353	476	1460
1003	748	748	0	0	0	1496	742	754	177.51	18	37	358	480	1430
1004	722	722	0	0	0	1482	714	768	171.59	18	30	354	483	1480
1005	734	734	0	0	0	1456	727	729	174.6	18	50	353	482	1400
1006	704	704	0	0	0	1396	698	698	176.17	18	45	354	472	1410
1007	691	691	0	0	0	1330	676	654	181.5	18	118	355	474	1350
1008	669	669	0	0	0	1336	674	662	179.57	19	117	358	488	1400
1009	676	676	0	0	0	1335	665	670	196.21	19	46	364	509	1340
1010	642	642	0	0	0	1318	636	682	171.14	18	32	352	471	1160
1011	654	654	0	0	0	1280	657	623	181.45	20	119	353	475	1210
1012	624	624	0	0	0	1232	609	623	179.37	19	34	355	480	1250
1013	606	606	0	0	0	1226	602	624	177.29	19	34	354	472	1300
1014	607	607	0	0	0	1174	586	588	177.73	19	40	355	486	1070
1015	582	582	0	0	0	1157	584	573	184.71	20	118	362	485	1030
1016	579	579	0	0	0	1188	565	623	174.53	19	33	363	487	1170
1017	607	607	0	0	0	1131	621	510	193.55	20	135	363	484	990
1018	580	580	0	0	0	1107	574	533	192.81	22	132	374	521	940
1019	553	553	0	0	0	1090	536	554	177.81	19	35	360	487	930
1020	555	555	0	0	0	1088	549	539	183.71	20	124	363	487	1070
1021	528	528	0	0	0	1059	534	525	181.43	19	117	359	482	960
1022	565	565	0	0	0	1025	553	472	192.66	21	132	365	482	1020
1023	522	522	0	0	0	1017	522	495	183.73	19	124	358	483	1160
1024	522	522	0	0	0	1028	515	513	181.6	19	106	355	478	1110
1025	544	544	0	0	0	1028	542	486	193.89	21	131	362	484	1110
1026	495	495	0	0	0	1007	478	529	173.08	19	34	361	484	1100
1027	534	534	0	0	0	1026	553	473	192.88	20	133	363	475	1110
1028	539	539	0	0	0	1031	529	502	182.91	20	120	356	478	1080
1029	504	504	0	0	0	1006	488	518	177.29	20	35	359	484	1040
1030	470	470	0	0	0	996	467	529	170.13	19	31	355	482	880
1031	502	502	0	0	0	1014	528	486	186.41	20	124	360	483	1060
1032	530	530	0	0	0	996	515	481	183.58	20	121	357	477	860
1033	493	493	0	0	0	966	482	484	186.32	20	63	367	486	1120
1034	507	507	0	0	0	1001	518	483	189.06	20	128	363	495	900
1035	526	526	0	0	0	1024	533	491	193.45	20	134	365	504	1150
1036	518	518	0	0	0	1004	495	509	174.57	19	36	358	473	970
1037	513	513	0	0	0	1027	512	515	183.41	21	58	362	491	890
1038	518	518	0	0	0	1048	515	533	183.97	19	36	356	492	1090
1039	538	508	30	0	0	995	483	512	170.85	18	33	350	483	1000
1040	480	480	0	0	0	1010	490	520	171.97	18	31	353	476	970
1041	514	514	0	0	0	1042	514	528	179.2	18	35	358	483	1050
1042	551	551	0	0	0	1044	550	494	191.34	19	127	364	491	1140
1043	534	534	0	0	0	1060	522	538	171.41	18	35	354	471	1210
1044	546	546	0	0	0	1071	545	526	187.45	21	123	363	481	1260
1045	508	508	0	0	0	1089	512	577	166.4	18	30	353	476	1160
1046	560	560	0	0	0	1105	558	547	180.27	19	118	357	499	1200
1047	571	571	0	0	0	1140	570	570	181.52	19	59	359	487	1280
1048	578	578	0	0	0	1179	579	600	181.01	19	40	362	487	1220
1049	576	576	0	0	0	1187	569	618	175.75	18	31	361	475	1260
1050	614	614	0	0	0	1167	602	565	186.53	19	129	361	478	1350
1051	570	570	0	0	0	1172	587	585	176.47	19	116	355	479	1360
1052	660	660	0	0	0	1258	639	619	180.51	19	118	357	479	1240
1053	625	625	0	0	0	1286	636	650	175.31	19	40	353	470	1370
1054	653	653	0	0	0	1273	628	645	176.83	19	37	354	483	1380
1055	621	621	0	0	0	1274	623	651	176.55	19	33	355	474	1400
1056	651	651	0	0	0	1279	650	629	182.6	19	117	356	476	1330
1057	664	664	0	0	0	1313	661	652	177.07	19	114	355	483	1400
1058	680	680	0	0	0	1376	672	704	173.23	19	35	352	479	1350
1059	691	691	0	0	0	1416	701	715	177.35	19	35	355	491	1600
1060	735	735	0	0	0	1449	720	729	177.98	19	38	361	493	1520
1061	769	769	0	0	0	1481	755	726	185.95	19	121	360	491	1650
1062	782	782	0	0	0	1519	770	749	181	19	117	357	480	1610
1063	765	765	0	0	0	1553	785	768	182.85	19	118	356	488	1650
1064	764	764	0	0	0	1560	751	809	170.6	18	31	354	480	1770
1065	788	788	0	0	0	1591	788	803	177.38	19	37	357	483	1730
1066	809	809	0	0	0	1616	777	839	170.36	18	31	353	493	1640
1067	794	794	0	0	0	1619	802	817	177.81	18	35	354	481	1670
1068	833	833	0	0	0	1651	845	806	184.33	19	120	358	491	1630
1069	859	859	0	0	0	1746	860	886	181.91	18	34	364	493	1760
1070	896	896	0	0	0	1768	900	868	179.17	19	117	352	490	1890
1071	908	908	0	0	0	1777	890	887	176.85	19	109	354	493	1980
1072	905	905	0	0	0	1805	910	895	176.55	19	113	354	476	1770
1073	948	919	29	0	0	1855	910	945	180.17	18	33	352	487	2040
1074	946	946	0	0	0	1865	947	918	178.68	17	114	352	483	1950
1075	986	986	0	0	0	1896	980	916	182.1	18	123	351	483	1870
1076	980	980	0	0	0	1968	979	989	173.87	17	37	350	471	2070
1077	1017	1017	0	0	0	1997	984	1013	176	18	31	352	471	2140
1078	1006	1006	0	0	0	1986	996	990	175.77	18	111	350	473	2130
1079	1001	1001	0	0	0	2037	998	1039	169.36	17	32	349	475	2100
1080	1060	1060	0	0	0	2078	1045	1033	178.64	18	114	353	474	2310
1081	1039	1039	0	0	0	2134	1017	1117	168.78	18	31	352	470	2270
1082	1080	1080	0	0	0	2177	1101	1076	176.19	18	114	351	477	2340
1083	1089	1089	0	0	0	2200	1091	1109	174.7	18	33	350	478	2340
1084	1136	1136	0	0	0	2229	1111	1118	174.36	18	37	352	487	2300
1085	1141	1141	0	0	0	2281	1126	1155	172.9	18	36	355	481	2390
1086	1202	1202	0	0	0	2302	1191	1111	181	19	118	355	477	2270
1087	1188	1188	0	0	0	2296	1172	1124	216.25	18	118	357	1639	2510
1088	1038	1038	0	0	0	1982	986	996	3356.54	16	31	6591	10647	2430
1089	999	999	0	0	0	1935	983	952	3570.88	16	3175	6967	11639	2550
1090	1001	1001	0	0	0	2000	985	1015	3335.58	15	26	6707	11599	2560
1091	999	999	0	0	0	1980	992	988	3370.88	15	31	6967	10983	2500
1092	997	997	0	0	0	2016	994	1022	3330.17	15	26	6647	10655	2670
1093	1004	1004	0	0	0	1924	987	937	3722.97	16	3787	7035	11863	2460
1094	1002	1002	0	0	0	1934	994	940	3670.07	15	1819	7215	11111	2580
1095	997	997	0	0	0	1935	990	945	3719.35	15	3701	7055	11479	2790
1096	996	996	0	0	0	1927	950	977	3694.96	15	26	6999	14967	2770
1097	1010	680	30	168	132	1326	679	647	6131.02	14	4779	9975	36991	2550
1098	1033	677	0	192	164	1325	661	664	6087.07	15	33	9607	37055	2720
1099	986	677	0	176	133	1291	655	636	6344.13	15	4143	9991	36639	2870
1100	1029	681	0	192	156	1369	666	703	5872.82	15	25	9239	36415	2760
1101	997	656	0	176	165	1354	664	690	5931.05	15	26	9919	36223	2880
1102	1025	676	0	192	157	1344	670	674	6082.28	15	34	9791	37791	2740
1103	1028	695	0	200	133	1422	662	760	5525.8	15	22	9047	39007	2890
1104	943	791	0	64	88	1666	818	848	4657.04	15	25	8383	28239	2930
1105	1000	737	0	152	111	1420	683	737	5674.7	15	26	9095	34463	2740
1106	1001	713	0	152	136	1492	743	749	5347.72	15	30	8967	34719	2830
1107	1021	697	0	192	132	1374	685	689	5967.55	15	35	9759	35007	2760
1108	1008	695	0	152	161	1328	703	625	6298.79	15	5839	9943	35935	2920
1109	988	914	0	40	34	1821	942	879	4260.2	15	4419	8007	17583	2940
1110	998	998	0	0	0	1959	1003	956	3845.1	15	4251	7499	11551	2920
1111	999	999	0	0	0	2048	994	1054	3525.83	15	26	6999	11343	2960
1112	1004	1004	0	0	0	2074	994	1080	3448.55	15	23	6999	11255	2970
1113	1002	1002	0	0	0	1975	998	977	3829.59	15	3585	7663	11327	3040
1114	998	998	0	0	0	2053	997	1056	3532.1	15	24	7075	10927	3110
1115	998	998	0	0	0	1973	994	979	3828.49	15	3629	7743	11511	2960
1116	1002	1002	0	0	0	1911	995	916	4015.96	16	4787	7895	11231	2950
1117	1001	1001	0	0	0	1960	992	968	3862.25	15	3781	7755	11335	3120
1118	999	999	0	0	0	1960	994	966	3884.62	15	3825	7779	11775	2870
1119	997	997	0	0	0	2024	1000	1024	3665.55	15	28	7175	11279	3040
1120	1003	1003	0	0	0	1983	994	989	3766.05	15	3173	7299	11231	2910
1121	1001	1001	0	0	0	2028	999	1029	3641.05	15	26	7307	10943	3000
1122	997	997	0	0	0	1951	997	954	3897.64	15	4195	7759	11975	2930
1123	1002	1002	0	0	0	1930	996	934	3968.94	16	4455	7847	11015	3090
1124	996	967	29	0	0	1919	962	957	3967.99	14	3171	7647	18767	2840
1125	999	999	0	0	0	1997	998	999	3760.93	14	40	7383	11127	2890
1126	1003	1003	0	0	0	1947	992	955	3896.99	14	3953	7799	11639	3090
1127	999	999	0	0	0	2056	993	1063	3566.58	14	23	7087	11199	3070
1128	999	999	0	0	0	2062	993	1069	3507.83	15	26	7059	11015	3060
1129	1000	1000	0	0	0	2008	998	1010	3688.62	14	29	7215	11975	2940
1130	1000	1000	0	0	0	1957	984	973	3872.63	15	3577	7731	12007	2900
1131	1002	1002	0	0	0	1997	999	998	3727.25	15	46	7235	11039	2790
1132	998	998	0	0	0	1991	994	997	3705.66	15	35	7247	10975	2800
1133	1003	1003	0	0	0	1893	992	901	4070.77	15	4807	7963	11311	3000
1134	998	998	0	0	0	1974	994	980	3789.39	15	3411	7387	11103	2930
1135	949	949	0	0	0	1898	939	959	3955.54	15	26	7683	18687	3000
1136	999	999	0	0	0	2017	995	1022	3605	15	30	7143	11007	2950
1137	1001	1001	0	0	0	1997	995	1002	3703.51	16	37	7315	11015	2720
1138	1003	1003	0	0	0	1956	996	960	3826.05	15	4107	7563	11023	2850
1139	996	996	0	0	0	1952	996	956	3833.29	15	4021	7511	11007	2800
1140	1005	1005	0	0	0	2028	994	1034	3550.79	15	25	7111	10919	2620
1141	997	997	0	0	0	1888	995	893	4030.7	15	4731	7787	12071	2690
1142	999	999	0	0	0	1920	998	922	3899.83	15	4351	7659	11583	2740
1143	999	999	0	0	0	1965	1001	964	3721.7	15	3903	7219	10975	2770
1144	1005	1005	0	0	0	1936	993	943	3792.58	16	3755	7291	11319	2520
1145	999	999	0	0	0	1935	994	941	3835.14	15	4073	7323	10951	2550
1146	995	995	0	0	0	1940	990	950	3734.43	15	3491	7295	11343	2560
1147	1002	1002	0	0	0	1935	997	938	3756.94	16	4007	7203	11031	2700
1148	1001	972	29	0	0	1993	959	1034	3462.15	15	25	6911	14639	2460
1149	998	998	0	0	0	1995	991	1004	3499.75	15	36	6995	11407	2400
1150	1002	1002	0	0	0	1996	985	1011	3481.83	15	31	6975	11023	2410
1151	1000	1000	0	0	0	2028	990	1038	3282.51	15	24	6679	10519	2540
1152	1000	1000	0	0	0	1887	988	899	3811	15	4395	7347	10927	2480
1153	997	997	0	0	0	1989	996	993	3424.96	15	2521	6867	10887	2420
1154	1001	1001	0	0	0	1941	994	947	3600.3	15	3953	6987	11111	2230
1155	1001	1001	0	0	0	2025	994	1031	3219.24	16	27	6575	10999	2230
1156	998	998	0	0	0	1914	986	928	3675.72	15	3969	7031	11207	2340
1157	1002	1002	0	0	0	2001	991	1010	3012.41	16	35	6223	11007	2190
1158	999	999	0	0	0	1954	987	967	3369.64	15	1563	6643	11039	2110
1159	999	999	0	0	0	2020	992	1028	2839.07	16	29	5779	10463	2320
1160	1000	1000	0	0	0	1999	985	1014	2721.48	16	28	5531	10119	2270
1161	1001	1001	0	0	0	2036	998	1038	2622.95	16	30	5255	9831	2010
1162	1001	1001	0	0	0	2037	997	1040	2671.37	16	28	5235	10015	2150
1163	990	990	0	0	0	1999	994	1005	2251.09	17	34	4879	9903	2010
1164	1009	1009	0	0	0	1903	990	913	3011.92	16	416	6011	10015	2140
1165	988	988	0	0	0	1981	991	990	1633.58	17	111	2847	9247	1830
1166	1005	1005	0	0	0	1924	990	934	2584.58	17	345	5367	9511	2010
1167	1005	1005	0	0	0	1980	996	984	1034.93	18	118	975	6991	1950
1168	958	958	0	0	0	1895	932	963	199.46	19	36	354	1352	1990
1169	969	969	0	0	0	1915	969	946	179.31	19	116	355	479	1920
1170	944	944	0	0	0	1909	938	971	174.98	18	35	353	495	1920
1171	962	962	0	0	0	1879	940	939	176.69	20	111	357	482	1860
1172	950	920	30	0	0	1841	914	927	181.75	19	41	358	483	1590
1173	922	922	0	0	0	1782	908	874	176.44	18	118	352	481	1620
1174	877	877	0	0	0	1729	857	872	177.8	17	36	356	499	1690
1175	842	842	0	0	0	1672	829	843	177.66	18	35	356	483	1730
1176	855	855	0	0	0	1683	850	833	180.67	18	115	357	482	1570
1177	875	875	0	0	0	1673	854	819	183.03	18	119	355	485	1490
1178	759	759	0	0	0	1623	766	857	168.4	18	29	351	485	1380
1179	813	813	0	0	0	1581	800	781	179.01	18	118	357	487	1390
1180	782	782	0	0	0	1545	777	768	177.59	18	116	357	485	1600
1181	761	761	0	0	0	1504	727	777	175.76	19	35	362	491	1460
1182	758	758	0	0	0	1500	751	749	180.03	19	108	358	486	1280
1183	738	738	0	0	0	1485	742	743	180.62	19	56	358	479	1290
1184	763	763	0	0	0	1425	727	698	181.57	19	120	356	483	1270
1185	633	633	0	0	0	1377	652	725	171.97	19	31	359	483	1260
1186	688	688	0	0	0	1348	665	683	183.14	20	40	365	508	1350
1187	665	665	0	0	0	1305	658	647	181.54	20	114	360	487	1310
1188	644	644	0	0	0	1294	639	655	180.97	19	37	361	489	1320
1189	658	658	0	0	0	1280	646	634	185.93	19	119	365	506	1110
1190	649	649	0	0	0	1242	632	610	182.08	19	120	359	488	1340
1191	619	619	0	0	0	1247	604	643	175.74	19	33	354	484	1130
1192	584	584	0	0	0	1230	591	639	171.55	19	33	357	480	1100
1193	601	601	0	0	0	1239	595	644	173.87	18	31	354	476	1210
1194	591	591	0	0	0	1167	599	568	184.59	19	118	358	476	1240
1195	586	586	0	0	0	1154	559	595	178.56	20	36	363	487	1120
1196	578	578	0	0	0	1145	569	576	181.13	19	38	363	490	1070
1197	541	541	0	0	0	1124	516	608	168.77	19	30	365	489	990
1198	553	553	0	0	0	1113	562	551	186.9	21	119	364	487	1728
1199	532	532	0	0	0	1092	512	580	175.2	19	30	359	487	1800
1200	504	504	0	0	0	1006	499	507	178.21	20	40	359	484	1944
1201	435	435	0	0	0	934	424	510	167.23	19	28	356	476	1616
1202	463	463	0	0	0	890	451	439	183.93	20	119	359	479	1090