time  qps   sumio   l0   l1    l2    l3    l4    l5  l6  l7  l8  l9 
0   0  1    0  1  0  0  0  0  0  0  0  0  
1   1  12456    6926  1733  1649  2148  0  0  0  0  0  0  
2   2244  11374    5277  2100  2036  1961  0  0  0  0  0  0  
3   2292  9873    4132  1856  1950  1935  0  0  0  0  0  0  
4   2223  8740    3528  1630  1784  1798  0  0  0  0  0  0  
5   2324  7926    3059  1443  1679  1745  0  0  0  0  0  0  
6   2304  7415    2688  1362  1619  1746  0  0  0  0  0  0  
7   2290  7343    2632  1324  1623  1764  0  0  0  0  0  0  
8   2351  6982    2352  1247  1608  1775  0  0  0  0  0  0  
9   2341  6244    2056  1113  1468  1607  0  0  0  0  0  0  
10   2178  5871    1747  1023  1443  1658  0  0  0  0  0  0  
12   2201  5313    1486  937  1305  1585  0  0  0  0  0  0  
13   2112  5562    1592  954  1388  1628  0  0  0  0  0  0  
14   2195  5423    1554  961  1335  1573  0  0  0  0  0  0  
15   2157  5364    1488  946  1335  1595  0  0  0  0  0  0  
16   2207  4972    1251  860  1276  1585  0  0  0  0  0  0  
17   2194  4811    1207  809  1241  1554  0  0  0  0  0  0  
18   2199  4810    1168  821  1257  1564  0  0  0  0  0  0  
19   2211  4599    1088  780  1197  1534  0  0  0  0  0  0  
20   2303  4700    1029  810  1248  1613  0  0  0  0  0  0  
21   2000  4586    1075  768  1184  1559  0  0  0  0  0  0  
23   2122  4600    962  775  1219  1644  0  0  0  0  0  0  
24   2182  4860    1145  815  1249  1651  0  0  0  0  0  0  
25   2071  4606    1026  806  1176  1598  0  0  0  0  0  0  
26   2128  4932    1098  850  1295  1689  0  0  0  0  0  0  
27   2167  4824    1058  838  1251  1677  0  0  0  0  0  0  
28   2185  4859    1026  831  1298  1704  0  0  0  0  0  0  
29   2289  4723    1000  810  1272  1641  0  0  0  0  0  0  
30   2159  5195    1101  919  1373  1802  0  0  0  0  0  0  
31   2395  5120    1160  865  1339  1756  0  0  0  0  0  0  
33   2324  5243    1099  912  1405  1827  0  0  0  0  0  0  
34   2617  4950    1082  843  1326  1699  0  0  0  0  0  0  
35   2481  5412    1225  919  1396  1872  0  0  0  0  0  0  
36   2653  5672    1312  970  1475  1915  0  0  0  0  0  0  
37   2751  5677    1300  955  1483  1939  0  0  0  0  0  0  
38   2780  5666    1251  949  1478  1988  0  0  0  0  0  0  
39   2848  5872    1292  1013  1548  2019  0  0  0  0  0  0  
40   3055  6301    1360  1093  1689  2159  0  0  0  0  0  0  
41   2621  5653    1225  965  1481  1982  0  0  0  0  0  0  
42   2731  6038    1315  1026  1582  2115  0  0  0  0  0  0  
44   2734  5891    1192  973  1609  2117  0  0  0  0  0  0  
45   2848  6516    1500  1088  1697  2231  0  0  0  0  0  0  
46   2993  6678    1473  1150  1769  2286  0  0  0  0  0  0  
47   2912  6625    1473  1157  1735  2260  0  0  0  0  0  0  
48   3002  6717    1481  1098  1810  2328  0  0  0  0  0  0  
49   3095  6983    1590  1195  1826  2372  0  0  0  0  0  0  
50   3184  7178    1591  1261  1875  2451  0  0  0  0  0  0  
51   3263  7403    1640  1269  1950  2544  0  0  0  0  0  0  
52   3299  7587    1696  1280  1994  2617  0  0  0  0  0  0  
53   3704  7574    1694  1260  1971  2649  0  0  0  0  0  0  
55   3730  8018    1780  1367  2112  2759  0  0  0  0  0  0  
56   3959  7947    1760  1327  2110  2750  0  0  0  0  0  0  
57   3989  8225    1821  1410  2154  2840  0  0  0  0  0  0  
58   4104  8296    1855  1398  2133  2910  0  0  0  0  0  0  
59   4254  8601    1947  1436  2254  2964  0  0  0  0  0  0  
60   4024  9173    2091  1574  2388  3120  0  0  0  0  0  0  
61   4089  9139    2042  1579  2404  3114  0  0  0  0  0  0  
62   4151  9151    1992  1577  2440  3142  0  0  0  0  0  0  
63   4087  8988    1906  1560  2362  3160  0  0  0  0  0  0  
64   4146  9634    2227  1640  2498  3269  0  0  0  0  0  0  
66   4282  9825    2218  1728  2570  3309  0  0  0  0  0  0  
67   4312  9539    2008  1640  2552  3339  0  0  0  0  0  0  
68   4426  9948    2185  1710  2613  3440  0  0  0  0  0  0  
69   4511  10005    2238  1729  2568  3470  0  0  0  0  0  0  
70   4596  10059    2167  1728  2649  3515  0  0  0  0  0  0  
71   4569  10266    2246  1753  2706  3561  0  0  0  0  0  0  
72   5074  10487    2304  1782  2769  3632  0  0  0  0  0  0  
73   5285  10739    2309  1871  2833  3726  0  0  0  0  0  0  
74   5454  10895    2355  1878  2878  3784  0  0  0  0  0  0  
75   5058  11228    2510  1914  2936  3868  0  0  0  0  0  0  
77   4985  11106    2526  1936  2886  3758  0  0  0  0  0  0  
78   4985  11202    2420  1941  2952  3889  0  0  0  0  0  0  
79   5116  11212    2509  1901  2949  3853  0  0  0  0  0  0  
80   5240  11624    2521  2026  3020  4057  0  0  0  0  0  0  
81   5256  11354    2488  1919  2981  3966  0  0  0  0  0  0  
82   5250  12272    2793  2091  3196  4192  0  0  0  0  0  0  
83   5419  12465    2886  2158  3207  4214  0  0  0  0  0  0  
84   5466  12116    2535  2089  3230  4262  0  0  0  0  0  0  
85   5557  12332    2795  2126  3245  4166  0  0  0  0  0  0  
86   6093  12419    2689  2182  3252  4296  0  0  0  0  0  0  
88   5538  12242    2687  2124  3204  4227  0  0  0  0  0  0  
89   5625  12267    2612  2108  3200  4347  0  0  0  0  0  0  
90   5614  12966    2985  2207  3367  4407  0  0  0  0  0  0  
91   5737  12668    2788  2166  3351  4363  0  0  0  0  0  0  
92   5651  12639    2777  2152  3293  4417  0  0  0  0  0  0  
93   5792  13060    2873  2251  3422  4514  0  0  0  0  0  0  
94   5872  12901    2895  2216  3360  4430  0  0  0  0  0  0  
95   5820  13280    3012  2229  3473  4566  0  0  0  0  0  0  
96   5951  12827    2805  2172  3374  4476  0  0  0  0  0  0  
98   5769  13057    2966  2248  3355  4488  0  0  0  0  0  0  
99   6446  12714    2758  2162  3362  4432  0  0  0  0  0  0  
100   5936  13291    3033  2276  3431  4551  0  0  0  0  0  0  
101   5955  13411    2997  2336  3504  4574  0  0  0  0  0  0  
102   5908  13098    2904  2251  3418  4525  0  0  0  0  0  0  
103   6053  13486    3051  2308  3505  4622  0  0  0  0  0  0  
104   5995  13260    2962  2261  3484  4553  0  0  0  0  0  0  
105   5995  13034    2873  2173  3402  4586  0  0  0  0  0  0  
106   6004  13184    2735  2268  3535  4646  0  0  0  0  0  0  
107   5997  12731    2644  2202  3391  4494  0  0  0  0  0  0  
109   5939  13248    2958  2288  3449  4553  0  0  0  0  0  0  
110   5827  13294    2926  2289  3459  4620  0  0  0  0  0  0  
111   6181  13403    3091  2281  3443  4588  0  0  0  0  0  0  
112   6563  13024    2855  2215  3367  4587  0  0  0  0  0  0  
113   6532  13091    2866  2229  3413  4583  0  0  0  0  0  0  
114   6569  12846    2788  2183  3394  4481  0  0  0  0  0  0  
115   6453  12914    2854  2153  3374  4533  0  0  0  0  0  0  
116   5824  12675    2715  2169  3342  4449  0  0  0  0  0  0  
117   5927  12853    2920  2196  3286  4451  0  0  0  0  0  0  
119   5759  13035    3023  2205  3320  4487  0  0  0  0  0  0  
120   5726  12874    2940  2194  3348  4392  0  0  0  0  0  0  
121   5709  12587    2869  2184  3239  4295  0  0  0  0  0  0  
122   5732  12877    2983  2161  3334  4399  0  0  0  0  0  0  
123   5650  12529    2763  2173  3286  4307  0  0  0  0  0  0  
124   5605  12143    2605  2074  3229  4235  0  0  0  0  0  0  
125   5552  12350    2809  2131  3183  4227  0  0  0  0  0  0  
126   5518  12149    2742  2092  3204  4111  0  0  0  0  0  0  
127   5426  11939    2508  2041  3169  4221  0  0  0  0  0  0  
128   6058  11731    2536  2005  3110  4080  0  0  0  0  0  0  
130   5896  12377    2890  2086  3189  4212  0  0  0  0  0  0  
131   5944  11678    2534  2050  3079  4015  0  0  0  0  0  0  
132   5752  11574    2569  1975  3058  3972  0  0  0  0  0  0  
133   5718  11267    2518  1910  2907  3932  0  0  0  0  0  0  
134   5649  11487    2554  1966  3028  3939  0  0  0  0  0  0  
135   5659  11336    2601  1909  2887  3939  0  0  0  0  0  0  
136   5554  10807    2398  1816  2829  3764  0  0  0  0  0  0  
137   5294  10856    2369  1866  2817  3804  0  0  0  0  0  0  
138   5260  10865    2388  1890  2881  3706  0  0  0  0  0  0  
139   4731  10424    2223  1800  2770  3631  0  0  0  0  0  0  
141   4604  10494    2356  1798  2764  3576  0  0  0  0  0  0  
142   4668  10049    2161  1712  2655  3521  0  0  0  0  0  0  
143   4579  10198    2259  1699  2679  3561  0  0  0  0  0  0  
144   4532  9830    2149  1708  2605  3368  0  0  0  0  0  0  
145   4493  9840    2155  1680  2573  3432  0  0  0  0  0  0  
146   4389  9702    2191  1666  2517  3328  0  0  0  0  0  0  
147   4383  9447    2095  1601  2495  3256  0  0  0  0  0  0  
148   4265  9240    2056  1575  2391  3218  0  0  0  0  0  0  
149   4215  9024    2042  1541  2298  3143  0  0  0  0  0  0  
151   4039  9187    2101  1561  2395  3130  0  0  0  0  0  0  
152   4463  8777    1962  1523  2286  3006  0  0  0  0  0  0  
153   4290  8452    1813  1458  2270  2911  0  0  0  0  0  0  
154   4200  8426    1821  1455  2211  2939  0  0  0  0  0  0  
155   4162  8554    1960  1470  2207  2917  0  0  0  0  0  0  
156   4121  7939    1750  1370  2076  2743  0  0  0  0  0  0  
157   3896  7708    1695  1330  2013  2670  0  0  0  0  0  0  
158   3852  7985    1921  1325  2071  2668  0  0  0  0  0  0  
159   3857  7499    1589  1322  1968  2620  0  0  0  0  0  0  
160   3775  7527    1656  1294  1977  2600  0  0  0  0  0  0  
162   3697  7214    1656  1247  1868  2443  0  0  0  0  0  0  
163   3531  7027    1588  1195  1836  2408  0  0  0  0  0  0  
164   3556  7232    1639  1232  1858  2503  0  0  0  0  0  0  
165   2953  6599    1528  1120  1734  2217  0  0  0  0  0  0  
166   2974  6569    1379  1147  1762  2281  0  0  0  0  0  0  
167   2940  6381    1335  1081  1706  2259  0  0  0  0  0  0  
168   2771  6123    1348  1075  1571  2129  0  0  0  0  0  0  
169   2799  6111    1312  1082  1604  2113  0  0  0  0  0  0  
170   2752  6108    1403  1013  1592  2100  0  0  0  0  0  0  
171   2659  5702    1175  978  1536  2013  0  0  0  0  0  0  
173   2620  5895    1285  998  1544  2068  0  0  0  0  0  0  
174   2702  5665    1275  970  1472  1948  0  0  0  0  0  0  
175   2504  5647    1302  957  1480  1908  0  0  0  0  0  0  
176   2498  5319    1158  909  1402  1850  0  0  0  0  0  0  
177   2671  5241    1151  903  1375  1812  0  0  0  0  0  0  
178   2595  5164    1185  903  1340  1736  0  0  0  0  0  0  
179   2563  5110    1137  868  1348  1757  0  0  0  0  0  0  
180   2166  4839    1097  830  1248  1664  0  0  0  0  0  0  
181   2265  5039    1097  863  1332  1747  0  0  0  0  0  0  
182   2232  4845    1066  832  1290  1657  0  0  0  0  0  0  
184   2189  5027    1108  855  1318  1746  0  0  0  0  0  0  
185   2123  4508    896  807  1191  1614  0  0  0  0  0  0  
186   2157  4750    1048  833  1244  1625  0  0  0  0  0  0  
187   2076  4500    965  756  1196  1583  0  0  0  0  0  0  
188   2057  4548    1107  765  1148  1528  0  0  0  0  0  0  
189   1987  4577    1054  777  1207  1539  0  0  0  0  0  0  
190   2068  4619    1057  768  1229  1565  0  0  0  0  0  0  
191   2030  4688    1127  773  1197  1591  0  0  0  0  0  0  
192   2296  4521    968  777  1197  1579  0  0  0  0  0  0  
193   2257  4491    1062  772  1137  1520  0  0  0  0  0  0  
195   2163  4223    872  707  1141  1503  0  0  0  0  0  0  
196   2148  4255    900  722  1115  1518  0  0  0  0  0  0  
197   2078  4592    1046  801  1221  1524  0  0  0  0  0  0  
198   1930  4267    920  742  1111  1494  0  0  0  0  0  0  
199   1975  4366    906  767  1155  1538  0  0  0  0  0  0  
200   2081  4501    930  778  1186  1607  0  0  0  0  0  0  
201   1997  4584    986  815  1211  1572  0  0  0  0  0  0  
202   2040  4408    917  787  1140  1564  0  0  0  0  0  0  
203   2086  4759    1098  810  1224  1627  0  0  0  0  0  0  
204   2110  4696    1030  797  1221  1648  0  0  0  0  0  0  
206   2098  4723    1032  819  1242  1630  0  0  0  0  0  0  
207   2216  5030    1087  889  1289  1765  0  0  0  0  0  0  
208   2275  4935    1079  826  1301  1729  0  0  0  0  0  0  
209   2475  5093    1219  850  1302  1722  0  0  0  0  0  0  
210   2486  4850    1012  857  1287  1694  0  0  0  0  0  0  
211   2475  5527    1254  963  1442  1868  0  0  0  0  0  0  
212   2629  4861    1113  818  1246  1684  0  0  0  0  0  0  
213   2417  5303    1161  892  1372  1878  0  0  0  0  0  0  
214   2662  5498    1245  968  1434  1851  0  0  0  0  0  0  
215   2667  5415    1248  957  1388  1822  0  0  0  0  0  0  
217   2647  5707    1232  958  1538  1979  0  0  0  0  0  0  
218   2828  5639    1188  937  1542  1972  0  0  0  0  0  0  
219   2834  6107    1402  1060  1595  2050  0  0  0  0  0  0  
220   2899  5920    1240  1027  1550  2103  0  0  0  0  0  0  
221   2984  6114    1370  1041  1608  2095  0  0  0  0  0  0  
222   3044  6132    1366  1040  1593  2133  0  0  0  0  0  0  
223   3062  6392    1397  1097  1717  2181  0  0  0  0  0  0  
224   3147  6323    1346  1070  1690  2217  0  0  0  0  0  0  
225   2971  6408    1354  1091  1679  2284  0  0  0  0  0  0  
226   3015  6781    1503  1135  1759  2384  0  0  0  0  0  0  
228   3110  6993    1590  1183  1831  2389  0  0  0  0  0  0  
229   3221  7120    1621  1207  1876  2416  0  0  0  0  0  0  
230   3224  7370    1677  1268  1946  2479  0  0  0  0  0  0  
231   3253  7433    1637  1276  1964  2556  0  0  0  0  0  0  
232   3367  7346    1657  1259  1899  2531  0  0  0  0  0  0  
233   3363  7706    1713  1310  2039  2644  0  0  0  0  0  0  
234   3485  7945    1700  1349  2125  2771  0  0  0  0  0  0  
235   3630  8553    1988  1483  2194  2888  0  0  0  0  0  0  
236   3704  8380    1934  1414  2141  2891  0  0  0  0  0  0  
237   4072  8304    1829  1424  2212  2839  0  0  0  0  0  0  
239   3902  8550    1860  1433  2233  3024  0  0  0  0  0  0  
240   3907  8545    1882  1447  2276  2940  0  0  0  0  0  0  
241   4063  9274    2083  1605  2402  3184  0  0  0  0  0  0  
242   4041  8862    1927  1470  2350  3115  0  0  0  0  0  0  
243   4106  9079    1965  1552  2413  3149  0  0  0  0  0  0  
244   4269  9325    2122  1576  2387  3240  0  0  0  0  0  0  
245   4210  9609    2114  1617  2518  3360  0  0  0  0  0  0  
246   4345  9830    2146  1678  2595  3411  0  0  0  0  0  0  
247   4403  9546    2124  1628  2481  3313  0  0  0  0  0  0  
248   4435  10256    2374  1707  2680  3495  0  0  0  0  0  0  
250   5165  10478    2347  1786  2741  3604  0  0  0  0  0  0  
251   4620  10138    2226  1705  2702  3505  0  0  0  0  0  0  
252   4741  10689    2449  1850  2773  3617  0  0  0  0  0  0  
253   4790  10933    2546  1863  2790  3734  0  0  0  0  0  0  
254   4791  10536    2209  1838  2816  3673  0  0  0  0  0  0  
255   4976  11313    2574  1906  2935  3898  0  0  0  0  0  0  
256   4988  11500    2671  1996  3022  3811  0  0  0  0  0  0  
257   5041  11307    2563  1935  2943  3866  0  0  0  0  0  0  
258   5027  11166    2371  1914  2985  3896  0  0  0  0  0  0  
259   5117  11687    2574  1969  3106  4038  0  0  0  0  0  0  
261   5316  11803    2642  2011  3070  4080  0  0  0  0  0  0  
262   5407  12107    2719  2100  3165  4123  0  0  0  0  0  0  
263   5317  11755    2513  2020  3121  4101  0  0  0  0  0  0  
264   5530  12092    2587  2096  3208  4201  0  0  0  0  0  0  
265   5483  12064    2592  2053  3166  4253  0  0  0  0  0  0  
266   5630  12373    2608  2177  3319  4269  0  0  0  0  0  0  
267   5578  12629    2769  2176  3335  4349  0  0  0  0  0  0  
268   5643  12865    3035  2153  3330  4347  0  0  0  0  0  0  
269   5733  12448    2732  2151  3286  4279  0  0  0  0  0  0  
270   5608  12532    2696  2166  3354  4316  0  0  0  0  0  0  
272   5682  12652    2606  2197  3395  4454  0  0  0  0  0  0  
273   5843  12738    2857  2152  3349  4380  0  0  0  0  0  0  
274   6299  13024    2990  2199  3380  4455  0  0  0  0  0  0  
275   6437  13047    2743  2251  3482  4571  0  0  0  0  0  0  
276   6541  13486    3125  2237  3472  4652  0  0  0  0  0  0  
277   6603  13051    2960  2252  3356  4483  0  0  0  0  0  0  
278   6451  13024    2952  2183  3411  4478  0  0  0  0  0  0  
279   6456  13296    2957  2267  3484  4588  0  0  0  0  0  0  
280   6494  12910    2823  2207  3391  4489  0  0  0  0  0  0  
282   5942  13335    2967  2270  3448  4650  0  0  0  0  0  0  
283   5997  13334    3001  2319  3461  4553  0  0  0  0  0  0  
284   5882  13252    2933  2270  3453  4596  0  0  0  0  0  0  
285   6028  13295    2943  2316  3482  4554  0  0  0  0  0  0  
286   5960  13162    2913  2207  3464  4578  0  0  0  0  0  0  
287   5971  13247    2872  2299  3500  4576  0  0  0  0  0  0  
288   6000  13257    3046  2269  3458  4484  0  0  0  0  0  0  
289   5931  12980    2825  2229  3393  4533  0  0  0  0  0  0  
290   5902  13265    2933  2292  3462  4578  0  0  0  0  0  0  
291   5638  13038    2796  2228  3439  4575  0  0  0  0  0  0  
293   6175  13169    2977  2230  3449  4513  0  0  0  0  0  0  
294   6456  13293    2993  2247  3513  4540  0  0  0  0  0  0  
295   6571  13093    2814  2250  3464  4565  0  0  0  0  0  0  
296   6473  12777    2768  2240  3403  4366  0  0  0  0  0  0  
297   6403  13294    3118  2279  3454  4443  0  0  0  0  0  0  
298   5781  12665    2702  2182  3352  4429  0  0  0  0  0  0  
299   5805  11864    2652  2052  3106  4054  0  0  0  0  0  0  
300   5763  12845    2799  2200  3418  4428  0  0  0  0  0  0  
301   5637  12601    2818  2174  3269  4340  0  0  0  0  0  0  
302   5662  12390    2687  2126  3268  4309  0  0  0  0  0  0  
304   5643  12451    2850  2129  3237  4235  0  0  0  0  0  0  
305   5532  12123    2606  2061  3224  4232  0  0  0  0  0  0  
306   5467  12094    2656  2125  3171  4142  0  0  0  0  0  0  
307   5543  12071    2686  2065  3206  4114  0  0  0  0  0  0  
308   5366  12394    2726  2135  3240  4293  0  0  0  0  0  0  
309   5401  11964    2618  2068  3136  4142  0  0  0  0  0  0  
310   5405  11751    2625  1990  3053  4083  0  0  0  0  0  0  
311   5770  11658    2649  1989  3023  3997  0  0  0  0  0  0  
312   5178  11578    2596  1994  3031  3957  0  0  0  0  0  0  
313   5086  11247    2544  1927  2898  3878  0  0  0  0  0  0  
315   5083  11036    2424  1880  2900  3832  0  0  0  0  0  0  
316   4993  10824    2386  1845  2817  3776  0  0  0  0  0  0  
317   4900  10947    2523  1844  2788  3792  0  0  0  0  0  0  
318   4856  10781    2465  1855  2822  3639  0  0  0  0  0  0  
319   4814  10539    2285  1817  2787  3650  0  0  0  0  0  0  
320   4636  10118    2234  1738  2677  3469  0  0  0  0  0  0  
321   4559  10062    2168  1749  2651  3494  0  0  0  0  0  0  
322   4609  10207    2360  1789  2585  3473  0  0  0  0  0  0  
323   4522  9981    2201  1665  2652  3463  0  0  0  0  0  0  
324   4975  9732    2173  1689  2543  3327  0  0  0  0  0  0  
326   4802  9394    2098  1628  2421  3247  0  0  0  0  0  0  
327   4700  9403    2168  1599  2412  3224  0  0  0  0  0  0  
328   4568  9280    2020  1586  2436  3238  0  0  0  0  0  0  
329   4114  9147    2006  1562  2400  3179  0  0  0  0  0  0  
330   3980  8805    2036  1488  2290  2991  0  0  0  0  0  0  
331   3958  8936    2019  1510  2359  3048  0  0  0  0  0  0  
332   3847  8192    1770  1421  2134  2867  0  0  0  0  0  0  
333   3769  8307    1768  1434  2233  2872  0  0  0  0  0  0  
334   3634  8110    1744  1425  2113  2828  0  0  0  0  0  0  
336   3682  8059    1768  1402  2103  2786  0  0  0  0  0  0  
337   3625  7772    1720  1312  2065  2675  0  0  0  0  0  0  
338   3486  7686    1745  1337  2007  2597  0  0  0  0  0  0  
339   3428  7371    1591  1269  1937  2574  0  0  0  0  0  0  
340   3320  7286    1566  1276  1895  2549  0  0  0  0  0  0  
341   3680  7081    1535  1238  1843  2465  0  0  0  0  0  0  
342   3588  6887    1472  1208  1825  2382  0  0  0  0  0  0  
343   3432  7010    1594  1197  1831  2388  0  0  0  0  0  0  
344   3411  6627    1481  1119  1736  2291  0  0  0  0  0  0  
345   3342  6934    1637  1172  1770  2355  0  0  0  0  0  0  
347   2845  6423    1486  1095  1653  2189  0  0  0  0  0  0  
348   2936  6541    1430  1164  1713  2234  0  0  0  0  0  0  
349   2810  6092    1383  1036  1575  2098  0  0  0  0  0  0  
350   2782  6133    1347  1061  1601  2124  0  0  0  0  0  0  
351   2849  5980    1300  999  1601  2080  0  0  0  0  0  0  
352   2574  5701    1226  975  1525  1975  0  0  0  0  0  0  
353   2551  5749    1387  968  1432  1962  0  0  0  0  0  0  
354   2504  5126    1092  862  1361  1811  0  0  0  0  0  0  
355   2382  5454    1195  957  1407  1895  0  0  0  0  0  0  
356   2468  5691    1312  958  1473  1948  0  0  0  0  0  0  
358   2473  5069    1071  881  1358  1759  0  0  0  0  0  0  
359   2552  4951    1082  842  1306  1721  0  0  0  0  0  0  
360   2480  5071    1167  865  1294  1745  0  0  0  0  0  0  
361   2314  4983    1099  841  1285  1758  0  0  0  0  0  0  
362   2226  4881    1090  814  1290  1687  0  0  0  0  0  0  
363   2120  4841    1133  835  1256  1617  0  0  0  0  0  0  
364   2177  4846    1062  816  1275  1693  0  0  0  0  0  0  
365   2184  4860    1084  823  1293  1660  0  0  0  0  0  0  
366   2116  4700    1028  817  1217  1638  0  0  0  0  0  0  
367   2089  4731    1145  813  1230  1543  0  0  0  0  0  0  
369   1997  4463    1025  753  1162  1523  0  0  0  0  0  0  
370   1983  4586    1046  802  1191  1547  0  0  0  0  0  0  
371   2141  4763    1031  815  1246  1671  0  0  0  0  0  0  
372   1944  4318    954  744  1136  1484  0  0  0  0  0  0  
373   1965  4412    1009  742  1139  1522  0  0  0  0  0  0  
374   1990  4472    984  777  1180  1531  0  0  0  0  0  0  
375   1931  4456    1045  769  1144  1498  0  0  0  0  0  0  
376   1945  4194    863  723  1120  1488  0  0  0  0  0  0  
377   1964  4660    1074  823  1181  1582  0  0  0  0  0  0  
378   2071  4486    1014  763  1153  1556  0  0  0  0  0  0  
380   2061  4600    1054  799  1178  1569  0  0  0  0  0  0  
381   2051  4457    922  785  1192  1558  0  0  0  0  0  0  
382   1991  4423    962  751  1182  1528  0  0  0  0  0  0  
383   1982  4368    955  767  1145  1501  0  0  0  0  0  0  
384   1997  4289    904  732  1147  1506  0  0  0  0  0  0  
385   2070  4903    1115  865  1266  1657  0  0  0  0  0  0  
386   2094  4610    1039  792  1213  1566  0  0  0  0  0  0  
387   2236  4974    1112  856  1299  1707  0  0  0  0  0  0  
388   2163  4853    1022  838  1264  1729  0  0  0  0  0  0  
389   2333  5255    1174  910  1377  1794  0  0  0  0  0  0  
391   2344  5065    1102  860  1345  1758  0  0  0  0  0  0  
392   2240  4955    1027  861  1301  1766  0  0  0  0  0  0  
393   2255  5137    1124  849  1357  1807  0  0  0  0  0  0  
394   2636  5408    1232  921  1423  1832  0  0  0  0  0  0  
395   2377  5427    1249  908  1440  1830  0  0  0  0  0  0  
396   2508  5492    1206  953  1420  1913  0  0  0  0  0  0  
397   2519  5674    1285  974  1476  1939  0  0  0  0  0  0  
398   2548  5862    1320  1001  1521  2020  0  0  0  0  0  0  
399   2629  5936    1311  1031  1548  2046  0  0  0  0  0  0  
400   2638  5932    1355  985  1520  2072  0  0  0  0  0  0  
402   2758  6194    1276  1084  1654  2180  0  0  0  0  0  0  
403   2925  6505    1535  1119  1647  2204  0  0  0  0  0  0  
404   2866  6596    1510  1134  1694  2258  0  0  0  0  0  0  
405   2979  6699    1528  1137  1737  2297  0  0  0  0  0  0  
406   2998  6621    1515  1119  1698  2289  0  0  0  0  0  0  
407   3033  6949    1720  1177  1743  2309  0  0  0  0  0  0  
408   3124  7010    1484  1207  1886  2433  0  0  0  0  0  0  
409   3188  7228    1629  1228  1893  2478  0  0  0  0  0  0  
410   3324  7434    1626  1271  1963  2574  0  0  0  0  0  0  
411   3331  7508    1741  1289  1941  2537  0  0  0  0  0  0  
413   3502  7987    1732  1389  2128  2738  0  0  0  0  0  0  
414   3536  8069    1714  1440  2128  2787  0  0  0  0  0  0  
415   3645  8041    1827  1386  2106  2722  0  0  0  0  0  0  
416   3594  8317    1770  1430  2186  2931  0  0  0  0  0  0  
417   3862  8587    1836  1457  2288  3006  0  0  0  0  0  0  
418   4257  8813    1972  1514  2320  3007  0  0  0  0  0  0  
419   4226  8832    2045  1544  2286  2957  0  0  0  0  0  0  
420   4039  8901    1932  1552  2354  3063  0  0  0  0  0  0  
421   4158  9276    2089  1568  2401  3218  0  0  0  0  0  0  
422   4084  9151    2029  1564  2464  3094  0  0  0  0  0  0  
424   4211  9545    2148  1644  2500  3253  0  0  0  0  0  0  
425   4284  9252    1971  1588  2429  3264  0  0  0  0  0  0  
426   4359  9956    2191  1723  2637  3405  0  0  0  0  0  0  
427   4510  10165    2243  1711  2688  3523  0  0  0  0  0  0  
428   4482  10128    2233  1737  2671  3487  0  0  0  0  0  0  
429   4608  10334    2352  1766  2678  3538  0  0  0  0  0  0  
430   4596  10194    2316  1707  2645  3526  0  0  0  0  0  0  
431   4639  10667    2345  1868  2794  3660  0  0  0  0  0  0  
432   5283  10638    2282  1857  2817  3682  0  0  0  0  0  0  
433   4889  10860    2491  1853  2799  3717  0  0  0  0  0  0  
435   4948  10805    2255  1830  2857  3863  0  0  0  0  0  0  
436   5034  11195    2436  1916  2950  3893  0  0  0  0  0  0  
437   5083  11337    2571  1926  2975  3865  0  0  0  0  0  0  
438   5124  11476    2593  1958  2963  3962  0  0  0  0  0  0  
439   5138  11727    2585  2028  3082  4032  0  0  0  0  0  0  
440   5312  11730    2598  1977  3084  4071  0  0  0  0  0  0  
441   5356  11948    2702  2017  3124  4105  0  0  0  0  0  0  
442   5368  11989    2584  2060  3133  4212  0  0  0  0  0  0  
443   5379  11900    2688  2055  3076  4081  0  0  0  0  0  0  
445   5554  12397    2805  2104  3226  4262  0  0  0  0  0  0  
446   5580  12414    2630  2122  3284  4378  0  0  0  0  0  0  
447   5617  12711    2946  2164  3289  4312  0  0  0  0  0  0  
448   5697  12592    2783  2175  3320  4314  0  0  0  0  0  0  
449   5680  12564    2767  2150  3254  4393  0  0  0  0  0  0  
450   5714  13006    2910  2273  3418  4405  0  0  0  0  0  0  
451   5752  12738    2733  2162  3403  4440  0  0  0  0  0  0  
452   5903  13021    2908  2235  3437  4441  0  0  0  0  0  0  
453   5831  12933    2828  2252  3416  4437  0  0  0  0  0  0  
454   6048  13171    2910  2242  3447  4572  0  0  0  0  0  0  
456   5948  13208    2952  2319  3421  4516  0  0  0  0  0  0  
457   5818  13032    2843  2289  3447  4453  0  0  0  0  0  0  
458   5905  13002    2938  2197  3344  4523  0  0  0  0  0  0  
459   5908  13083    2926  2224  3396  4537  0  0  0  0  0  0  
460   5833  13128    2937  2240  3404  4547  0  0  0  0  0  0  
461   5898  13197    2996  2227  3454  4520  0  0  0  0  0  0  
462   6024  13666    3064  2360  3581  4661  0  0  0  0  0  0  
463   6000  13465    3024  2297  3506  4638  0  0  0  0  0  0  
464   6075  13465    3021  2296  3523  4625  0  0  0  0  0  0  
465   5842  13459    2993  2333  3513  4620  0  0  0  0  0  0  
467   5982  12038    2608  2052  3221  4157  0  0  0  0  0  0  
468   5985  13239    2940  2259  3419  4621  0  0  0  0  0  0  
469   6074  12405    2891  2112  3180  4222  0  0  0  0  0  0  
470   5960  13486    3005  2260  3580  4641  0  0  0  0  0  0  
471   6041  13281    2937  2244  3480  4620  0  0  0  0  0  0  
472   5945  13119    2831  2321  3437  4530  0  0  0  0  0  0  
473   5844  12868    2829  2193  3347  4499  0  0  0  0  0  0  
474   5903  13148    2856  2287  3468  4537  0  0  0  0  0  0  
475   5806  12800    2780  2203  3368  4449  0  0  0  0  0  0  
476   5905  13033    2952  2267  3400  4414  0  0  0  0  0  0  
478   5760  12858    2855  2199  3341  4463  0  0  0  0  0  0  
479   5773  13221    3019  2299  3401  4502  0  0  0  0  0  0  
480   5821  12797    2784  2189  3404  4420  0  0  0  0  0  0  
481   6339  12892    2834  2234  3402  4422  0  0  0  0  0  0  
482   6143  12474    2755  2125  3295  4299  0  0  0  0  0  0  
483   5622  12482    2744  2161  3298  4279  0  0  0  0  0  0  
484   5656  12153    2701  2051  3163  4238  0  0  0  0  0  0  
485   5488  12342    2794  2116  3194  4238  0  0  0  0  0  0  
486   5441  12086    2711  2059  3146  4170  0  0  0  0  0  0  
487   5478  12137    2743  2061  3182  4151  0  0  0  0  0  0  
489   5382  11607    2566  1991  3011  4039  0  0  0  0  0  0  
490   5313  11520    2563  1954  2992  4011  0  0  0  0  0  0  
491   5176  11347    2537  1941  2938  3931  0  0  0  0  0  0  
492   5192  11363    2488  1934  3001  3940  0  0  0  0  0  0  
493   5109  11231    2510  1921  2941  3859  0  0  0  0  0  0  
494   4991  11011    2432  1837  2886  3856  0  0  0  0  0  0  
495   5022  11330    2625  1953  2917  3835  0  0  0  0  0  0  
496   4878  10747    2475  1821  2766  3685  0  0  0  0  0  0  
497   4898  10949    2449  1823  2866  3811  0  0  0  0  0  0  
498   4832  10676    2405  1870  2784  3617  0  0  0  0  0  0  
500   4765  10227    2173  1736  2726  3592  0  0  0  0  0  0  
501   4580  10268    2373  1727  2678  3490  0  0  0  0  0  0  
502   4554  10071    2219  1769  2621  3462  0  0  0  0  0  0  
503   4601  9985    2177  1704  2604  3500  0  0  0  0  0  0  
504   4498  9986    2248  1717  2598  3423  0  0  0  0  0  0  
505   4406  9832    2254  1704  2550  3324  0  0  0  0  0  0  
506   4748  9672    2195  1644  2552  3281  0  0  0  0  0  0  
507   4659  9069    1986  1558  2386  3139  0  0  0  0  0  0  
508   4521  8833    1912  1510  2324  3087  0  0  0  0  0  0  
509   4462  9098    2078  1563  2338  3119  0  0  0  0  0  0  
511   4414  8784    1932  1519  2312  3021  0  0  0  0  0  0  
512   4364  8730    1981  1494  2278  2977  0  0  0  0  0  0  
513   4282  8466    1804  1464  2244  2954  0  0  0  0  0  0  
514   4232  8092    1744  1415  2121  2812  0  0  0  0  0  0  
515   3999  8028    1781  1394  2099  2754  0  0  0  0  0  0  
516   3952  8013    1806  1373  2080  2754  0  0  0  0  0  0  
517   3529  7655    1670  1326  1974  2685  0  0  0  0  0  0  
518   3446  7558    1624  1308  2001  2625  0  0  0  0  0  0  
519   3439  7558    1627  1296  2001  2634  0  0  0  0  0  0  
520   3299  7371    1741  1255  1884  2491  0  0  0  0  0  0  
522   3320  7304    1623  1275  1892  2514  0  0  0  0  0  0  
523   3093  6888    1507  1195  1807  2379  0  0  0  0  0  0  
524   3117  6800    1476  1183  1774  2367  0  0  0  0  0  0  
525   3114  6835    1554  1136  1781  2364  0  0  0  0  0  0  
526   2984  6461    1395  1140  1682  2244  0  0  0  0  0  0  
527   2911  6553    1504  1112  1669  2268  0  0  0  0  0  0  
528   2899  5963    1223  991  1602  2147  0  0  0  0  0  0  
529   3085  6141    1338  1040  1632  2131  0  0  0  0  0  0  
530   2919  5910    1347  994  1535  2034  0  0  0  0  0  0  
531   2651  5932    1318  985  1562  2067  0  0  0  0  0  0  
533   2578  5555    1203  955  1496  1901  0  0  0  0  0  0  
534   2457  5321    1162  902  1381  1876  0  0  0  0  0  0  
535   2493  5352    1133  914  1382  1923  0  0  0  0  0  0  
536   2409  5296    1203  862  1366  1865  0  0  0  0  0  0  
537   2365  5221    1126  896  1415  1784  0  0  0  0  0  0  
538   2361  5086    1082  898  1346  1760  0  0  0  0  0  0  
539   2307  5068    1108  833  1343  1784  0  0  0  0  0  0  
540   2256  5223    1180  899  1383  1761  0  0  0  0  0  0  
541   2147  4601    944  802  1221  1634  0  0  0  0  0  0  
542   2261  4969    1081  854  1292  1742  0  0  0  0  0  0  
544   2174  4490    882  756  1231  1621  0  0  0  0  0  0  
545   2112  4662    1005  803  1244  1610  0  0  0  0  0  0  
546   2056  4507    986  791  1188  1542  0  0  0  0  0  0  
547   2041  4581    1045  789  1149  1598  0  0  0  0  0  0  
548   2045  4407    1003  734  1185  1485  0  0  0  0  0  0  
549   2041  4525    976  789  1186  1574  0  0  0  0  0  0  
550   2115  4731    1121  799  1233  1578  0  0  0  0  0  0  
551   2038  4285    927  735  1128  1495  0  0  0  0  0  0  
552   1896  4192    893  722  1093  1484  0  0  0  0  0  0  
553   1931  4443    1100  738  1119  1486  0  0  0  0  0  0  
555   2154  4693    1096  801  1200  1596  0  0  0  0  0  0  
556   2288  4286    935  715  1123  1513  0  0  0  0  0  0  
557   2167  4329    967  740  1153  1469  0  0  0  0  0  0  
558   1983  4268    933  735  1120  1480  0  0  0  0  0  0  
559   1978  4460    959  761  1166  1574  0  0  0  0  0  0  
560   1995  4559    1036  788  1165  1570  0  0  0  0  0  0  
561   2025  4506    1008  796  1153  1549  0  0  0  0  0  0  
562   2105  4991    1166  865  1281  1679  0  0  0  0  0  0  
563   2108  4609    1125  788  1158  1538  0  0  0  0  0  0  
564   2128  4867    1069  846  1255  1697  0  0  0  0  0  0  
566   2181  4625    991  783  1256  1595  0  0  0  0  0  0  
567   2068  4762    1084  826  1231  1621  0  0  0  0  0  0  
568   2180  4918    1117  858  1275  1668  0  0  0  0  0  0  
569   2256  5241    1214  911  1357  1759  0  0  0  0  0  0  
570   2301  5188    1140  903  1361  1784  0  0  0  0  0  0  
571   2369  5276    1204  905  1375  1792  0  0  0  0  0  0  
572   2219  5218    1222  886  1324  1786  0  0  0  0  0  0  
573   2365  5073    1029  877  1366  1801  0  0  0  0  0  0  
574   2436  5714    1315  956  1515  1928  0  0  0  0  0  0  
575   2491  5657    1274  1012  1454  1917  0  0  0  0  0  0  
577   2464  5336    1206  919  1399  1812  0  0  0  0  0  0  
578   2440  5884    1324  1008  1545  2007  0  0  0  0  0  0  
579   2586  5901    1335  1061  1509  1996  0  0  0  0  0  0  
580   2961  5842    1272  1003  1513  2054  0  0  0  0  0  0  
581   2777  6154    1338  1086  1604  2126  0  0  0  0  0  0  
582   2772  6146    1279  1073  1613  2181  0  0  0  0  0  0  
583   2831  6511    1444  1119  1693  2255  0  0  0  0  0  0  
584   2953  6572    1486  1120  1704  2262  0  0  0  0  0  0  
585   3037  6879    1421  1177  1887  2394  0  0  0  0  0  0  
587   3055  6847    1501  1139  1804  2403  0  0  0  0  0  0  
588   3196  7111    1450  1252  1882  2527  0  0  0  0  0  0  
589   3251  7073    1502  1255  1880  2436  0  0  0  0  0  0  
590   3212  7511    1750  1323  1906  2532  0  0  0  0  0  0  
591   3342  7494    1577  1292  2003  2622  0  0  0  0  0  0  
592   3464  7580    1547  1331  2012  2690  0  0  0  0  0  0  
593   3830  8185    1819  1384  2180  2802  0  0  0  0  0  0  
594   3977  8051    1769  1371  2121  2790  0  0  0  0  0  0  
595   3950  8220    1879  1350  2172  2819  0  0  0  0  0  0  
596   4115  8039    1805  1351  2096  2787  0  0  0  0  0  0  
598   4082  8474    1828  1467  2233  2946  0  0  0  0  0  0  
599   4246  8948    1999  1539  2320  3090  0  0  0  0  0  0  
600   4414  8902    1932  1491  2392  3087  0  0  0  0  0  0  
601   4452  9203    2134  1563  2384  3122  0  0  0  0  0  0  
602   4495  9130    2009  1576  2338  3207  0  0  0  0  0  0  
603   4661  9619    2164  1671  2543  3241  0  0  0  0  0  0  
604   4307  9571    2116  1654  2529  3272  0  0  0  0  0  0  
605   4477  10058    2243  1756  2616  3443  0  0  0  0  0  0  
606   4472  9851    2235  1677  2570  3369  0  0  0  0  0  0  
607   4453  9983    2212  1714  2590  3467  0  0  0  0  0  0  
609   4673  10214    2248  1754  2637  3575  0  0  0  0  0  0  
610   4643  10580    2346  1821  2770  3643  0  0  0  0  0  0  
611   4775  10654    2457  1815  2719  3663  0  0  0  0  0  0  
612   4782  10760    2326  1862  2860  3712  0  0  0  0  0  0  
613   4873  10994    2569  1832  2805  3788  0  0  0  0  0  0  
614   4914  10868    2427  1872  2790  3779  0  0  0  0  0  0  
615   4941  11197    2456  1914  2957  3870  0  0  0  0  0  0  
616   5550  11375    2434  1964  3024  3953  0  0  0  0  0  0  
617   5669  11585    2585  2010  3014  3976  0  0  0  0  0  0  
618   5681  11504    2434  1959  3062  4049  0  0  0  0  0  0  
620   5774  11948    2607  2037  3171  4133  0  0  0  0  0  0  
621   5773  11612    2606  2004  3011  3991  0  0  0  0  0  0  
622   5428  12186    2735  2057  3222  4172  0  0  0  0  0  0  
623   5383  11933    2667  2070  3098  4098  0  0  0  0  0  0  
624   5484  12513    2821  2134  3302  4256  0  0  0  0  0  0  
625   5576  12564    2797  2124  3286  4357  0  0  0  0  0  0  
626   5674  12252    2611  2070  3229  4342  0  0  0  0  0  0  
627   5568  12116    2584  2045  3198  4289  0  0  0  0  0  0  
628   5585  12711    2979  2133  3274  4325  0  0  0  0  0  0  
629   5710  12674    2908  2149  3316  4301  0  0  0  0  0  0  
631   5638  12678    2840  2130  3303  4405  0  0  0  0  0  0  
632   5791  12958    2875  2208  3439  4436  0  0  0  0  0  0  
633   5758  12625    2817  2132  3304  4372  0  0  0  0  0  0  
634   6294  12973    2946  2196  3351  4480  0  0  0  0  0  0  
635   6387  12879    2848  2187  3384  4460  0  0  0  0  0  0  
636   6504  13132    2830  2233  3431  4638  0  0  0  0  0  0  
637   5927  13120    2914  2230  3465  4511  0  0  0  0  0  0  
638   6010  13325    3041  2303  3466  4515  0  0  0  0  0  0  
639   5874  13269    3036  2302  3376  4555  0  0  0  0  0  0  
641   5917  13387    3040  2265  3515  4567  0  0  0  0  0  0  
642   5967  13217    2954  2230  3439  4594  0  0  0  0  0  0  
643   6037  13273    2994  2321  3411  4547  0  0  0  0  0  0  
644   5927  13316    3041  2263  3487  4525  0  0  0  0  0  0  
645   5987  13357    2995  2274  3505  4583  0  0  0  0  0  0  
646   5941  13557    3100  2360  3508  4589  0  0  0  0  0  0  
647   5922  13697    3127  2333  3551  4686  0  0  0  0  0  0  
648   6704  13418    2941  2275  3536  4666  0  0  0  0  0  0  
649   5978  13334    3010  2297  3463  4564  0  0  0  0  0  0  
650   5961  13214    2822  2264  3525  4603  0  0  0  0  0  0  
652   5872  13121    3044  2182  3396  4499  0  0  0  0  0  0  
653   5904  12998    2749  2269  3427  4553  0  0  0  0  0  0  
654   5923  12871    2784  2212  3380  4495  0  0  0  0  0  0  
655   5890  12923    2880  2237  3346  4460  0  0  0  0  0  0  
656   5824  13149    2848  2273  3457  4571  0  0  0  0  0  0  
657   5909  12640    2743  2119  3389  4389  0  0  0  0  0  0  
658   5791  12468    2726  2140  3275  4327  0  0  0  0  0  0  
659   5942  12723    2671  2209  3416  4427  0  0  0  0  0  0  
660   5596  12234    2670  2086  3240  4238  0  0  0  0  0  0  
661   5615  12546    2918  2116  3242  4270  0  0  0  0  0  0  
663   5628  12650    2865  2135  3332  4318  0  0  0  0  0  0  
664   5620  12098    2581  2072  3201  4244  0  0  0  0  0  0  
665   5507  12168    2693  2041  3209  4225  0  0  0  0  0  0  
666   5452  12540    2891  2165  3230  4254  0  0  0  0  0  0  
667   5460  12281    2857  2062  3217  4145  0  0  0  0  0  0  
668   5325  11923    2732  2051  3088  4052  0  0  0  0  0  0  
669   5294  12068    2791  2103  3103  4071  0  0  0  0  0  0  
670   5288  11337    2492  1962  2953  3930  0  0  0  0  0  0  
671   5238  11308    2460  1940  2951  3957  0  0  0  0  0  0  
673   5611  11217    2374  1984  2985  3874  0  0  0  0  0  0  
674   4986  11052    2446  1913  2896  3797  0  0  0  0  0  0  
675   4966  10952    2394  1911  2881  3766  0  0  0  0  0  0  
676   4850  10704    2328  1782  2863  3731  0  0  0  0  0  0  
677   4800  10515    2286  1798  2792  3639  0  0  0  0  0  0  
678   4807  10446    2225  1828  2751  3642  0  0  0  0  0  0  
679   4757  10445    2264  1803  2771  3607  0  0  0  0  0  0  
680   4592  10268    2418  1757  2606  3487  0  0  0  0  0  0  
681   4598  9894    2147  1692  2641  3414  0  0  0  0  0  0  
682   4482  9678    2066  1665  2523  3424  0  0  0  0  0  0  
684   4345  9734    2175  1640  2565  3354  0  0  0  0  0  0  
685   4259  9494    2094  1639  2500  3261  0  0  0  0  0  0  
686   4230  9517    2093  1660  2468  3296  0  0  0  0  0  0  
687   4152  9141    1997  1511  2403  3230  0  0  0  0  0  0  
688   4162  9084    1961  1563  2421  3139  0  0  0  0  0  0  
689   4054  9025    1964  1549  2343  3169  0  0  0  0  0  0  
690   4008  8456    1894  1398  2223  2941  0  0  0  0  0  0  
691   3856  8485    1829  1429  2256  2971  0  0  0  0  0  0  
692   3894  8474    1906  1452  2213  2903  0  0  0  0  0  0  
693   3727  8186    1725  1413  2160  2888  0  0  0  0  0  0  
695   3693  7917    1765  1385  2044  2723  0  0  0  0  0  0  
696   3588  7795    1754  1313  1995  2733  0  0  0  0  0  0  
697   3848  7835    1756  1358  2035  2686  0  0  0  0  0  0  
698   3870  7721    1723  1283  2049  2666  0  0  0  0  0  0  
699   3787  7327    1629  1249  1903  2546  0  0  0  0  0  0  
700   3662  7063    1559  1178  1848  2478  0  0  0  0  0  0  
701   3544  6989    1523  1214  1842  2410  0  0  0  0  0  0  
702   3506  6777    1529  1138  1792  2318  0  0  0  0  0  0  
703   3386  6274    1271  1091  1677  2235  0  0  0  0  0  0  
704   3218  6757    1544  1160  1761  2292  0  0  0  0  0  0  
706   3317  6732    1521  1137  1751  2323  0  0  0  0  0  0  
707   3289  6317    1387  1072  1670  2188  0  0  0  0  0  0  
708   3193  6331    1427  1086  1657  2161  0  0  0  0  0  0  
709   2932  6064    1449  1023  1544  2048  0  0  0  0  0  0  
710   2719  5947    1345  986  1557  2059  0  0  0  0  0  0  
711   2699  5868    1336  968  1526  2038  0  0  0  0  0  0  
712   2614  5686    1287  975  1482  1942  0  0  0  0  0  0  
713   2566  5617    1249  964  1473  1931  0  0  0  0  0  0  
714   2479  5543    1315  945  1413  1870  0  0  0  0  0  0  
715   2366  5272    1124  924  1414  1810  0  0  0  0  0  0  
717   2377  5078    1097  862  1331  1788  0  0  0  0  0  0  
718   2248  5039    1118  876  1319  1726  0  0  0  0  0  0  
719   2356  4996    1094  866  1297  1739  0  0  0  0  0  0  
720   2293  4823    1040  836  1276  1671  0  0  0  0  0  0  
721   2160  4799    1147  773  1218  1661  0  0  0  0  0  0  
722   2402  4841    1065  830  1289  1657  0  0  0  0  0  0  
723   2349  4895    1106  822  1264  1703  0  0  0  0  0  0  
724   2427  4787    1062  817  1251  1657  0  0  0  0  0  0  
725   2350  4697    1028  787  1251  1631  0  0  0  0  0  0  
726   2365  4614    992  785  1240  1597  0  0  0  0  0  0  
728   2276  4711    1034  791  1245  1641  0  0  0  0  0  0  
729   2345  4414    1018  749  1149  1498  0  0  0  0  0  0  
730   2132  4530    1057  742  1166  1565  0  0  0  0  0  0  
731   2261  4752    1097  789  1235  1631  0  0  0  0  0  0  
732   2321  4628    1101  796  1196  1535  0  0  0  0  0  0  
733   2176  4250    873  746  1149  1482  0  0  0  0  0  0  
734   2114  4356    983  736  1141  1496  0  0  0  0  0  0  
735   2181  4211    896  718  1119  1478  0  0  0  0  0  0  
736   2162  4210    889  705  1114  1502  0  0  0  0  0  0  
737   2040  4681    1073  794  1215  1599  0  0  0  0  0  0  
739   2071  4628    1117  814  1163  1534  0  0  0  0  0  0  
740   1970  4157    885  713  1120  1439  0  0  0  0  0  0  
741   1963  4324    917  716  1159  1532  0  0  0  0  0  0  
742   2016  4684    1078  801  1208  1597  0  0  0  0  0  0  
743   2091  4562    1011  774  1204  1573  0  0  0  0  0  0  
744   1990  4527    981  751  1178  1617  0  0  0  0  0  0  
745   2211  4916    1073  854  1320  1669  0  0  0  0  0  0  
746   2199  4698    1098  780  1214  1606  0  0  0  0  0  0  
747   2206  4976    1125  831  1316  1704  0  0  0  0  0  0  
748   2296  4982    1085  834  1305  1758  0  0  0  0  0  0  
750   2192  4851    1102  820  1252  1677  0  0  0  0  0  0  
751   2304  5268    1112  913  1418  1825  0  0  0  0  0  0  
752   2401  5146    1139  903  1333  1771  0  0  0  0  0  0  
753   2435  5538    1213  918  1492  1915  0  0  0  0  0  0  
754   2444  5443    1248  913  1399  1883  0  0  0  0  0  0  
755   2525  5519    1217  985  1424  1893  0  0  0  0  0  0  
756   2545  5921    1309  1011  1568  2033  0  0  0  0  0  0  
757   2646  5902    1375  1011  1527  1989  0  0  0  0  0  0  
758   2590  5683    1236  965  1526  1956  0  0  0  0  0  0  
759   2625  6177    1406  1072  1622  2077  0  0  0  0  0  0  
761   3013  6191    1323  1053  1658  2157  0  0  0  0  0  0  
762   3099  6368    1467  1044  1648  2209  0  0  0  0  0  0  
763   3262  6540    1484  1103  1669  2284  0  0  0  0  0  0  
764   3073  6958    1577  1180  1787  2414  0  0  0  0  0  0  
765   3081  6688    1465  1147  1734  2342  0  0  0  0  0  0  
766   3010  6718    1499  1157  1738  2324  0  0  0  0  0  0  
767   3108  6708    1416  1116  1799  2377  0  0  0  0  0  0  
768   3235  7422    1746  1275  1899  2502  0  0  0  0  0  0  
769   3238  7412    1636  1255  1932  2589  0  0  0  0  0  0  
770   3344  7550    1583  1289  2032  2646  0  0  0  0  0  0  
772   3461  7670    1697  1352  2013  2608  0  0  0  0  0  0  
773   3403  7742    1733  1305  2060  2644  0  0  0  0  0  0  
774   3492  8011    1736  1366  2118  2791  0  0  0  0  0  0  
775   4085  8254    1777  1435  2202  2840  0  0  0  0  0  0  
776   3700  8299    1917  1399  2122  2861  0  0  0  0  0  0  
777   3880  8807    2028  1473  2292  3014  0  0  0  0  0  0  
778   3908  8708    1968  1499  2283  2958  0  0  0  0  0  0  
779   4030  8966    1963  1534  2364  3105  0  0  0  0  0  0  
780   4004  8908    1965  1496  2332  3115  0  0  0  0  0  0  
781   4199  9270    2044  1595  2418  3213  0  0  0  0  0  0  
783   4200  9440    2137  1629  2474  3200  0  0  0  0  0  0  
784   4303  9620    2099  1650  2528  3343  0  0  0  0  0  0  
785   4405  9990    2268  1721  2563  3438  0  0  0  0  0  0  
786   4425  10256    2320  1780  2644  3512  0  0  0  0  0  0  
787   4548  10010    2222  1729  2612  3447  0  0  0  0  0  0  
788   4967  10331    2343  1731  2704  3553  0  0  0  0  0  0  
789   5079  10440    2319  1796  2728  3597  0  0  0  0  0  0  
790   5230  10541    2416  1794  2711  3620  0  0  0  0  0  0  
791   5231  10863    2500  1817  2813  3733  0  0  0  0  0  0  
793   5309  10788    2315  1895  2874  3704  0  0  0  0  0  0  
794   5380  11041    2395  1888  2927  3831  0  0  0  0  0  0  
795   5471  11153    2493  1909  2906  3845  0  0  0  0  0  0  
796   5455  11471    2535  1930  3036  3970  0  0  0  0  0  0  
797   5691  11703    2637  1989  3036  4041  0  0  0  0  0  0  
798   5743  11633    2566  1968  3089  4010  0  0  0  0  0  0  
799   5747  11809    2720  1990  3077  4022  0  0  0  0  0  0  
800   5883  12000    2710  2049  3166  4075  0  0  0  0  0  0  
801   5942  11985    2610  2048  3197  4130  0  0  0  0  0  0  
802   6021  12141    2723  2090  3119  4209  0  0  0  0  0  0  
804   5517  12306    2809  2079  3198  4220  0  0  0  0  0  0  
805   5549  12342    2689  2106  3245  4302  0  0  0  0  0  0  
806   5586  12510    2763  2148  3276  4323  0  0  0  0  0  0  
807   5694  12395    2720  2103  3265  4307  0  0  0  0  0  0  
808   5570  12342    2719  2113  3226  4284  0  0  0  0  0  0  
809   5652  13016    2917  2242  3372  4485  0  0  0  0  0  0  
810   5858  12962    2895  2226  3408  4433  0  0  0  0  0  0  
811   5746  12495    2747  2139  3265  4344  0  0  0  0  0  0  
812   5740  13098    3003  2224  3400  4471  0  0  0  0  0  0  
813   5940  12806    2730  2212  3400  4464  0  0  0  0  0  0  
815   5797  13207    3019  2230  3430  4528  0  0  0  0  0  0  
816   6543  13081    2871  2233  3453  4524  0  0  0  0  0  0  
817   6523  13241    2919  2248  3495  4579  0  0  0  0  0  0  
818   6513  12865    2749  2201  3382  4533  0  0  0  0  0  0  
819   6506  13281    2903  2268  3505  4605  0  0  0  0  0  0  
820   6546  13281    2987  2282  3473  4539  0  0  0  0  0  0  
821   5926  13057    2929  2218  3400  4510  0  0  0  0  0  0  
822   5983  13166    2939  2196  3434  4597  0  0  0  0  0  0  
823   5891  13092    2933  2209  3476  4474  0  0  0  0  0  0  
825   6080  13358    2949  2297  3503  4609  0  0  0  0  0  0  
826   5915  13481    3036  2297  3469  4679  0  0  0  0  0  0  
827   5980  13128    2858  2229  3446  4595  0  0  0  0  0  0  
828   5951  13181    2870  2246  3491  4574  0  0  0  0  0  0  
829   5946  13227    2976  2260  3464  4527  0  0  0  0  0  0  
830   6000  12081    2733  2068  3152  4128  0  0  0  0  0  0  
831   5990  13099    2827  2213  3461  4598  0  0  0  0  0  0  
832   5977  13340    3099  2282  3444  4515  0  0  0  0  0  0  
833   5865  13058    2974  2236  3369  4479  0  0  0  0  0  0  
834   6396  12591    2649  2174  3367  4401  0  0  0  0  0  0  
835   6379  13248    3055  2279  3423  4491  0  0  0  0  0  0  
837   6400  12776    2780  2203  3381  4412  0  0  0  0  0  0  
838   6362  11901    2645  2025  3137  4094  0  0  0  0  0  0  
839   5847  12470    2778  2167  3263  4262  0  0  0  0  0  0  
840   6291  12641    2776  2122  3395  4348  0  0  0  0  0  0  
841   5615  12281    2650  2125  3263  4243  0  0  0  0  0  0  
842   5674  12538    2880  2128  3215  4315  0  0  0  0  0  0  
843   5642  12502    2761  2134  3281  4326  0  0  0  0  0  0  
844   5540  11780    2464  2040  3097  4179  0  0  0  0  0  0  
845   5442  11996    2651  2074  3139  4132  0  0  0  0  0  0  
846   5391  12182    2875  2036  3098  4173  0  0  0  0  0  0  
848   5368  11672    2542  1969  3075  4086  0  0  0  0  0  0  
849   5345  11602    2640  1988  2989  3985  0  0  0  0  0  0  
850   5168  11650    2698  2012  2989  3951  0  0  0  0  0  0  
851   5280  11567    2679  1951  2983  3954  0  0  0  0  0  0  
852   5216  11428    2588  1927  3016  3897  0  0  0  0  0  0  
853   5703  11140    2513  1901  2899  3827  0  0  0  0  0  0  
854   5545  11180    2491  1906  2957  3826  0  0  0  0  0  0  
855   5530  10898    2379  1875  2844  3800  0  0  0  0  0  0  
856   5399  10417    2251  1784  2720  3662  0  0  0  0  0  0  
857   5276  10571    2361  1789  2767  3654  0  0  0  0  0  0  
859   5241  10259    2271  1782  2698  3508  0  0  0  0  0  0  
860   5082  10448    2382  1766  2772  3528  0  0  0  0  0  0  
861   5122  10354    2415  1808  2674  3457  0  0  0  0  0  0  
862   4998  10111    2241  1704  2643  3523  0  0  0  0  0  0  
863   4371  9672    2220  1612  2517  3323  0  0  0  0  0  0  
864   4273  9545    2156  1609  2492  3288  0  0  0  0  0  0  
865   4241  9488    2157  1635  2458  3238  0  0  0  0  0  0  
866   4228  9387    2114  1585  2502  3186  0  0  0  0  0  0  
867   4135  9240    2132  1594  2400  3114  0  0  0  0  0  0  
868   4033  9239    2058  1585  2415  3181  0  0  0  0  0  0  
870   4111  8806    1950  1520  2329  3007  0  0  0  0  0  0  
871   3830  8649    1974  1467  2242  2966  0  0  0  0  0  0  
872   3799  8173    1755  1410  2194  2814  0  0  0  0  0  0  
873   3649  7840    1668  1357  2038  2777  0  0  0  0  0  0  
874   3655  8418    1984  1415  2174  2845  0  0  0  0  0  0  
875   3602  7838    1671  1348  2085  2734  0  0  0  0  0  0  
876   3503  7532    1663  1318  1959  2592  0  0  0  0  0  0  
877   3395  7625    1651  1317  2017  2640  0  0  0  0  0  0  
878   3328  7396    1731  1238  1934  2493  0  0  0  0  0  0  
879   3289  7347    1599  1264  1955  2529  0  0  0  0  0  0  
881   3230  7095    1579  1212  1888  2416  0  0  0  0  0  0  
882   3083  6841    1581  1158  1772  2330  0  0  0  0  0  0  
883   3049  6829    1509  1196  1777  2347  0  0  0  0  0  0  
884   3095  6763    1533  1171  1763  2296  0  0  0  0  0  0  
885   2974  6315    1309  1071  1699  2236  0  0  0  0  0  0  
886   3106  6395    1448  1098  1667  2182  0  0  0  0  0  0  
887   2738  6055    1349  1048  1556  2102  0  0  0  0  0  0  
888   2706  5794    1258  960  1546  2030  0  0  0  0  0  0  
889   2643  5979    1317  1026  1583  2053  0  0  0  0  0  0  
890   2662  5747    1321  972  1477  1977  0  0  0  0  0  0  
892   2596  5887    1350  991  1532  2014  0  0  0  0  0  0  
893   2482  5501    1303  931  1410  1857  0  0  0  0  0  0  
894   2394  5513    1294  916  1424  1879  0  0  0  0  0  0  
895   2460  5261    1184  902  1384  1791  0  0  0  0  0  0  
896   2354  5047    1056  857  1350  1784  0  0  0  0  0  0  
897   2325  5087    1064  886  1354  1783  0  0  0  0  0  0  
898   2339  5027    1080  867  1373  1707  0  0  0  0  0  0  
899   2489  4971    1136  828  1288  1719  0  0  0  0  0  0  
900   2504  4929    1036  856  1310  1727  0  0  0  0  0  0  
901   2470  4661    1047  797  1219  1598  0  0  0  0  0  0  
903   2323  4820    1195  820  1223  1582  0  0  0  0  0  0  
904   2257  5023    1145  885  1328  1665  0  0  0  0  0  0  
905   2445  4730    1081  814  1206  1629  0  0  0  0  0  0  
906   2313  4479    922  778  1205  1574  0  0  0  0  0  0  
907   2270  4489    957  765  1188  1579  0  0  0  0  0  0  
908   2270  4605    1040  792  1190  1583  0  0  0  0  0  0  
909   2242  4478    978  758  1182  1560  0  0  0  0  0  0  
910   2009  4528    998  794  1190  1546  0  0  0  0  0  0  
911   2064  4655    1080  808  1172  1595  0  0  0  0  0  0  
912   2005  4701    1153  806  1178  1564  0  0  0  0  0  0  
914   2025  4546    1085  784  1185  1492  0  0  0  0  0  0  
915   1913  4369    1019  734  1121  1495  0  0  0  0  0  0  
916   1980  4316    909  742  1129  1536  0  0  0  0  0  0  
917   2024  4455    935  762  1171  1587  0  0  0  0  0  0  
918   2047  4508    1038  737  1195  1538  0  0  0  0  0  0  
919   2070  4525    1014  779  1211  1521  0  0  0  0  0  0  
920   2008  4320    892  729  1148  1551  0  0  0  0  0  0  
921   2000  4714    1046  797  1222  1649  0  0  0  0  0  0  
922   2321  4572    993  786  1202  1591  0  0  0  0  0  0  
924   2315  4823    1060  836  1247  1680  0  0  0  0  0  0  
925   2362  4686    1048  784  1231  1623  0  0  0  0  0  0  
926   2181  4982    1082  848  1324  1728  0  0  0  0  0  0  
927   2251  4880    1085  812  1302  1681  0  0  0  0  0  0  
928   2272  5405    1283  928  1405  1789  0  0  0  0  0  0  
929   2319  5079    1126  860  1326  1767  0  0  0  0  0  0  
930   2255  5055    1148  873  1322  1712  0  0  0  0  0  0  
931   2403  5329    1218  927  1369  1815  0  0  0  0  0  0  
932   2370  5267    1177  895  1397  1798  0  0  0  0  0  0  
933   2430  5370    1123  945  1422  1880  0  0  0  0  0  0  
935   2476  5632    1273  932  1476  1951  0  0  0  0  0  0  
936   2584  5923    1376  1007  1513  2027  0  0  0  0  0  0  
937   2635  5907    1404  1008  1481  2014  0  0  0  0  0  0  
938   2893  5634    1176  964  1494  2000  0  0  0  0  0  0  
939   2891  6008    1309  1015  1616  2068  0  0  0  0  0  0  
940   3002  6261    1437  1071  1636  2117  0  0  0  0  0  0  
941   3095  6097    1291  1037  1648  2121  0  0  0  0  0  0  
942   3095  6420    1425  1071  1674  2250  0  0  0  0  0  0  
943   3201  6721    1528  1150  1748  2295  0  0  0  0  0  0  
944   3292  7084    1686  1241  1797  2360  0  0  0  0  0  0  
946   3359  7114    1615  1211  1859  2429  0  0  0  0  0  0  
947   3492  7189    1720  1194  1837  2438  0  0  0  0  0  0  
948   3486  7479    1764  1275  1933  2507  0  0  0  0  0  0  
949   3644  7349    1590  1268  1952  2539  0  0  0  0  0  0  
950   3730  7673    1762  1333  2002  2576  0  0  0  0  0  0  
951   3432  7496    1593  1300  1998  2605  0  0  0  0  0  0  
952   3458  7725    1672  1349  2020  2684  0  0  0  0  0  0  
953   3617  8073    1784  1356  2139  2794  0  0  0  0  0  0  
954   3716  8255    1834  1385  2160  2876  0  0  0  0  0  0  
955   3757  8285    1809  1403  2182  2891  0  0  0  0  0  0  
957   3753  8457    1927  1400  2219  2911  0  0  0  0  0  0  
958   3908  9026    1998  1540  2361  3127  0  0  0  0  0  0  
959   4041  8682    1864  1453  2326  3039  0  0  0  0  0  0  
960   3995  8826    1843  1482  2339  3162  0  0  0  0  0  0  
961   4180  9155    2063  1559  2387  3146  0  0  0  0  0  0  
962   4543  8959    1921  1551  2340  3147  0  0  0  0  0  0  
963   4332  9412    2054  1596  2462  3300  0  0  0  0  0  0  
964   4266  9560    2134  1667  2484  3275  0  0  0  0  0  0  
965   4401  9733    2115  1650  2600  3368  0  0  0  0  0  0  
966   4488  9879    2163  1674  2634  3408  0  0  0  0  0  0  
968   4567  10118    2226  1710  2616  3566  0  0  0  0  0  0  
969   4722  10416    2295  1814  2727  3580  0  0  0  0  0  0  
970   4729  10886    2409  1897  2830  3750  0  0  0  0  0  0  
971   4765  10664    2373  1826  2782  3683  0  0  0  0  0  0  
972   4853  11041    2631  1850  2831  3729  0  0  0  0  0  0  
973   4892  11112    2457  1893  2890  3872  0  0  0  0  0  0  
974   5062  11458    2598  1956  2921  3983  0  0  0  0  0  0  
975   5587  11237    2517  1954  2922  3844  0  0  0  0  0  0  
976   5639  11526    2480  2022  3086  3938  0  0  0  0  0  0  
977   5689  11628    2660  1975  3030  3963  0  0  0  0  0  0  
979   5791  11667    2488  1989  3094  4096  0  0  0  0  0  0  
980   5938  11742    2529  2032  3129  4052  0  0  0  0  0  0  
981   5485  12117    2510  2127  3218  4262  0  0  0  0  0  0  
982   5577  12546    2944  2123  3239  4240  0  0  0  0  0  0  
983   5480  12287    2800  2082  3179  4226  0  0  0  0  0  0  
984   5493  12527    2849  2166  3253  4259  0  0  0  0  0  0  
985   5582  12171    2643  2041  3239  4248  0  0  0  0  0  0  
986   5600  12413    2669  2117  3287  4340  0  0  0  0  0  0  
987   5689  12647    2859  2177  3283  4328  0  0  0  0  0  0  
988   5730  12758    2647  2176  3436  4499  0  0  0  0  0  0  
990   5773  13004    2997  2251  3326  4430  0  0  0  0  0  0  
991   5671  12871    2818  2203  3363  4487  0  0  0  0  0  0  
992   5898  13183    2990  2253  3423  4517  0  0  0  0  0  0  
993   6434  13018    2898  2212  3373  4535  0  0  0  0  0  0  
994   6434  12668    2813  2188  3270  4397  0  0  0  0  0  0  
995   6317  13164    2979  2207  3416  4562  0  0  0  0  0  0  
996   6473  13272    2976  2285  3504  4507  0  0  0  0  0  0  
997   6496  13350    3049  2262  3466  4573  0  0  0  0  0  0  
998   6584  13213    2807  2296  3482  4628  0  0  0  0  0  0  
1000   6615  13169    2834  2255  3459  4621  0  0  0  0  0  0  
1001   6582  13218    2925  2253  3480  4560  0  0  0  0  0  0  
1002   5945  13355    3072  2287  3450  4546  0  0  0  0  0  0  
1003   5915  13390    3074  2287  3514  4515  0  0  0  0  0  0  
1004   5914  13328    2916  2268  3525  4619  0  0  0  0  0  0  
1005   5954  13292    3037  2242  3389  4624  0  0  0  0  0  0  
1006   5923  13395    3001  2353  3494  4547  0  0  0  0  0  0  
1007   5955  13399    3010  2340  3482  4567  0  0  0  0  0  0  
1008   5925  12206    2691  2131  3216  4168  0  0  0  0  0  0  
